:Product: Daily Geomagnetic Data     2023_DGD.txt
:Issued: 0000 UT 01 Jan 2024
#
#  Prepared by the U.S. Dept. of Commerce, NOAA, Space Weather Prediction Center
#  Please send comment and suggestions to SWPC.Webmaster@noaa.gov
#
#             2023 Daily Geomagnetic Data
#
#
#                Middle Latitude        High Latitude            Estimated
#              - Fredericksburg -     ---- College ----      --- Planetary ---
#  Date        A     K-indices        A     K-indices        A     K-indices
2023 01 01     9  2 2 2 3 2 2 2 3    19  2 2 3 5 3 3 3 4    14   2.33  2.67  2.33  3.00  2.00  3.00  3.33  4.00
2023 01 02     5  1 1 1 1 1 2 2 2     8  2 1 1 2 4 2 1 1     8   2.67  1.67  1.33  1.67  1.33  1.33  1.67  3.00
2023 01 03     5  1 0 1 1 1 2 2 3     4  0 0 2 2 1 2 2 1     7   1.67  0.67  1.33  1.00  0.67  2.00  2.33  3.00
2023 01 04    17  3 4 4 4 3 3 2 1    23  3 4 5 5 4 3 1 0    21   4.00  4.67  5.00  3.67  3.00  2.33  2.00  1.00
2023 01 05     6  0 1 1 1 3 2 2 2    14  0 0 1 1 5 5 2 1     8   0.33  1.00  1.33  1.00  3.00  2.67  2.33  2.67
2023 01 06     4  1 0 1 0 2 2 2 2     1  0 0 1 2 0 0 0 0     4   1.67  0.33  1.00  0.67  1.00  0.67  1.67  1.67
2023 01 07     5  0 2 1 1 1 3 2 1     2  0 1 0 0 0 2 2 0     6   1.33  2.67  1.00  0.67  0.67  2.67  2.00  1.33
2023 01 08     7  2 2 2 1 3 2 1 1    16  0 2 2 4 6 1 0 0     8   2.33  2.33  2.00  1.33  3.33  1.67  1.33  0.67
2023 01 09     7  1 1 1 1 2 2 4 1     3  0 0 0 3 1 2 0 0     5   2.00  0.67  1.00  1.00  1.00  2.00  2.33  1.33
2023 01 10     6  1 0 1 0 3 3 2 1     8  0 0 0 0 4 4 1 1     7   1.00  0.67  1.00  0.67  2.00  3.00  2.00  2.33
2023 01 11     8  1 2 2 2 2 3-1 2     8  2 1 2 3 3 2 2 1     9   2.00  2.67  2.33  2.33  2.00  2.33  2.33  2.67
2023 01 12     8  3 1 2 1 2 3 2 2     7  1 1 3 3 2 1 2 1     9   3.00  1.67  2.67  1.67  2.00  2.33  2.00  2.33
2023 01 13    10  2 1 2 2 2 3 2 4    18  1 1 4 5 4 1 3 3    12   2.67  2.00  2.33  2.33  2.00  1.67  3.33  4.00
2023 01 14     9  3 3 2 1 2 2 1 3     6  3 3 2 1 0 0 1 2    11   3.67  3.67  2.33  1.33  0.67  1.00  2.00  3.33
2023 01 15    17  4 3 3 3 3 3 3 3    53  3 3 6 7 5 4 5 5    30   5.00  4.00  4.00  3.67  3.67  3.33  4.00  5.00
2023 01 16    10  3 1 2 3 3 3 1 1    18  3 1 3 5 4 4 2 0    14   4.00  1.67  3.00  3.33  3.00  3.33  1.67  1.33
2023 01 17     5  0 1 1 1 2 1 1 3     3  0 1 0 1 2 0 0 2     6   0.67  1.67  1.67  1.00  1.00  0.33  0.33  3.67
2023 01 18    11  3 3 3 2 3 3 1 1    23  2 2 4 6 5 3 1 0    15   4.00  4.00  3.33  3.00  2.67  3.00  1.67  0.67
2023 01 19     6  0 2 2 2 3 2 1 1    12  0 1 4 3 5 0 0 0     7   0.33  1.33  3.00  2.67  2.67  0.67  0.67  1.00
2023 01 20     4  0 1 0 0 2 3 2 1     7  0 0 0 2 3 4 1 0     6   1.00  1.00  0.00  0.67  1.67  3.00  2.00  1.67
2023 01 21    11  2 3 3 2 3 2 3 2    17  1 3 4 3 4 3 4 1    17   3.00  4.33  3.67  2.00  2.67  2.67  3.33  3.00
2023 01 22     7  1 1 2 2 2 2 3 1    15  1 2 3 3 4 4 3 2     9   2.00  1.67  2.33  2.33  2.00  2.33  3.33  2.00
2023 01 23     5  0 2 0 0 3 2 1 2    12  0 1 0 0 5 4 2 2     7   0.67  2.00  1.00  0.67  3.00  2.00  2.00  2.67
2023 01 24     3  1 0 1 1 2 2 1 0     4  1 0 0 3 2 2 0 0     4   1.33  0.67  1.00  1.33  1.67  1.33  1.00  0.33
2023 01 25     5  0 1 0 2 3 2 2 1    20  0 0 0 4 5 6 2 0     7   0.67  0.67  0.33  2.33  3.00  2.67  2.00  1.33
2023 01 26     9  1 2 3 2 3 3 2 1    16  1 1 3 4 5 3 3 0    11   1.67  3.00  3.00  2.33  3.00  2.67  2.33  1.33
2023 01 27     6  0 0 2 2 2 3 2 2    16  0 0 2 5 4 4 3 2     9   1.00  0.67  1.67  2.67  2.67  3.00  2.00  2.67
2023 01 28     8  3 2 2 1 2 3 2 1    11  2 1 2 3 4 3 2 1    10   3.33  2.67  2.00  1.33  2.33  2.33  3.00  1.67
2023 01 29     5  1 0 2 1 2 2 2 1     3  1 0 1 1 2 2 0 0     5   1.00  0.33  2.00  1.67  1.00  2.00  1.33  1.33
2023 01 30     4  1 1 1 1 1 1 1 2     2  0 0 0 2 0 0 1 1     5   1.67  0.33  1.00  1.33  0.67  0.67  1.33  2.67
2023 01 31     6  1 2 2 2 1 2 2 1    10  1 1 3 3 2 3 3 1     9   0.67  2.33  3.00  2.00  0.67  3.33  2.33  2.00
2023 02 01     3  1 1 0 0 1 1 2 2     3  0-1-1-1-1 1 2 1     6   1.67  0.33  0.67  0.67  1.00  1.33  3.00  2.67
2023 02 02     2  2 1 0 0 1 1 1 0     2  2 1 0 2 0 0 0 0     6   3.67  1.67  0.67  1.00  0.67  0.33  1.00  1.00
2023 02 03     6  2 1 0 1 2 3 2 1     6  1 0 0 0 2 4 2 1     9   2.67  1.67  0.67  0.67  2.00  3.33  3.00  2.00
2023 02 04     5  2 3 0 1 1 1 1 1     6  2 1 2 0 4 1 0 0     6   2.67  3.00  1.00  0.67  1.00  1.00  0.67  1.33
2023 02 05     3  0 2 0 1 1 1 1 2     2  0 0 0 2 1 1 1 0     5   0.67  2.33  0.33  1.33  1.00  1.00  1.67  2.00
2023 02 06    13  3 2 3 3 3 2 3 3    16  1 3 3 4 4 3 3 2    18   3.67  3.67  2.67  3.33  3.00  2.00  3.67  3.67
2023 02 07    12  3 3 3 3 3 2 2 2    27  3 4 2 6 4 4 4 2    20   4.00  4.00  3.33  3.67  3.33  3.00  3.00  3.00
2023 02 08    12  2 4 2 3 2 2 3 2    25  2 4 3 5 5 4 3 3    18   3.33  3.67  2.67  3.67  3.33  2.67  3.33  3.33
2023 02 09    16  2 4 3 3 3 3 2 4    33  3 3 3 6 5 5 3 4    21   3.33  4.00  3.33  3.00  2.67  3.33  3.33  4.67
2023 02 10    12  4 2 2 2 2 2 3 3    21  3 3 4 4 5 3 3 2    16   4.00  2.67  2.67  2.67  3.00  2.00  3.00  4.00
2023 02 11    10  4 3 1 3 2 2 1 1    21  3 5 3 5 4 1 2 1    11   4.00  3.33  2.00  2.67  2.33  1.00  1.33  0.67
2023 02 12     5  1 2 2 1 2 1 2 1     9  1 2 3 3 2 3 1 1     7   2.00  2.67  2.00  2.00  1.67  1.33  2.33  1.67
2023 02 13     3  1 0 0 1 2 1 1 1     9  0 0 1 3 5 1 1 0     4   1.33  0.33  0.67  1.33  2.00  1.00  1.33  0.67
2023 02 14     6  2 1 3 2 1 1 0 2    11  1 0 3 5 2 2 1 1     8   2.67  0.67  3.00  2.33  1.00  1.33  1.00  2.33
2023 02 15    23  3 3 5 5 3 3 3 3    46  2 4 7 5 4 6 4 3    29   3.00  4.00  5.33  4.67  3.00  4.33  3.33  4.33
2023 02 16    21  2 3 5 4 4 4 2 2    41  3 3 5 6 6 6 2 1    24   3.00  3.00  5.00  4.33  4.33  4.67  1.67  2.00
2023 02 17     4  1 2 1 0 2 1 2 0     6  1 3 1 3 1 1 1 0     6   1.67  3.00  2.00  1.33  1.67  1.00  1.67  0.33
2023 02 18     5  1 2 0 1 2 2 2 2     3  0 0 0 1 3 1 1 0     6   1.00  2.33  0.67  1.33  2.00  1.33  2.33  2.33
2023 02 19     4  2 0 0 1 2 1 2 1    10  1 1 0 2 5 3 1 1     7   3.00  0.67  1.00  1.00  2.33  1.33  2.00  1.67
2023 02 20     6  1 0 2 2 3 2 2 1     5  0 0 2 1 2 2 2 2     8   1.00  0.67  2.00  2.67  2.33  2.33  2.67  2.00
2023 02 21    15  3 3 3 4 4 2 2 1    34  1 2 4 7 6 2 1 1    17   3.33  3.33  3.33  4.33  4.00  2.00  1.67  1.67
2023 02 22     4  1 0 1 1 2 2 2 1     8  1 0 0 3 3 2 2 3     6   1.67  0.67  1.33  2.00  2.00  2.00  2.00  2.33
2023 02 23    16  4 3 2 3 3 3 3 3    30  3 3 4 5 5 5 4 3    22   4.67  3.67  3.00  3.00  2.67  3.67  3.67  4.00
2023 02 24     4  2 1 2 1 2 0 1 1     3  2 1 2 2 1 0 0 0     6   3.00  1.33  2.00  1.00  1.67  0.33  0.67  0.67
2023 02 25     9  0 1 2 2 3 2 3 3    22  0 0 2 5 2 5 5 3    10   0.67  0.67  2.00  2.33  1.67  3.00  3.00  3.33
2023 02 26    18  3 2 3 3 3 1 4 5    27  3 3 5 5 4 2 4 4    26   3.33  2.67  3.33  3.67  3.00  1.33  5.00  5.67
2023 02 27    60  4 4 5 7 6 6 5 4    88  4 5 7 7 6 7 6 5    94   5.00  6.00  6.67  7.00  6.67  6.67  6.33  5.67
2023 02 28    19  5 4 3 3 2 2 3 3    29  4 5 4 5 3 3 4 4    28   5.67  4.67  3.33  3.33  2.00  2.00  4.33  4.33
2023 03 01     6  2 1 1 2 1 2 2 2     5  3 2 0 2 1 0 1 1     8   3.33  1.67  1.33  2.67  0.67  1.33  2.33  2.33
2023 03 02     8  1 1 3 2 2 2 2 3    14  1 1 4 5 2 1 3 2     9   1.33  1.67  2.33  2.33  1.33  1.67  2.67  3.67
2023 03 03    16  3 3 2 3 4 2 4 3    37  3 4 6 6 5 3 3 3    22   3.67  3.67  3.33  3.67  3.67  2.00  4.33  4.33
2023 03 04    10  3 2 2 3 2 2 2 3    20  3 3 4 5 3 3 3 2    15   3.67  3.00  3.00  3.00  2.00  2.67  3.00  3.67
2023 03 05    17  3 3 4 3 3 3 3 3    41  3 3 6 5 6 5 4 3    22   3.67  3.33  3.67  3.00  4.00  3.33  4.00  4.00
2023 03 06    11  3 2 2 2 3 3 2 3    20  3 3 2 5 4 4 2 3    15   4.00  3.00  2.33  2.33  2.67  3.00  2.67  3.67
2023 03 07     7  2 2 2 3 2 2 1 1    22  3 4 5 5 4 2 1 0    11   2.67  3.33  3.33  3.00  2.33  1.33  1.33  1.00
2023 03 08     6  0 1 2 2 2 2 2 2     9  1 2 3 4 1 1 2 2     8   1.33  2.00  2.00  2.00  1.33  1.33  3.00  2.67
2023 03 09    14  2 3 4 3 3 3 2 2    28  2 2 6 5 4 5 2 1    17   2.33  3.33  4.33  3.67  3.33  2.67  2.67  2.33
2023 03 10    10  4 1 2 1 2 3 2 2    11  2 1 3 0 3 4 3 2    11   4.00  2.00  2.33  1.00  1.33  2.67  2.33  2.67
2023 03 11     5  2 1 1 1 2 1 2 2     4  2 2 1 1 0 1 1 1     7   2.67  2.00  1.33  1.00  1.33  0.67  1.67  2.67
2023 03 12     6  2 1 3 2 2 0 1 1    10  2 1 4 4 2 1 0 1     8   2.67  2.00  3.00  2.67  1.33  0.67  1.00  1.00
2023 03 13     2  0 0 1 1 1 1 1 1     0  0 0 0 0 0 1 0 0     3   1.33  0.33  0.67  0.67  0.67  1.33  0.67  0.67
2023 03 14    12  2 3 3 3 3 2 2 3    21  2 2 4 5 4 4 3 2    17   3.00  3.33  3.00  3.67  3.33  3.00  2.33  4.00
2023 03 15    19  3 4 3 3 3 2 2 5    31  3 5 4 6 4 3 2 4    29   3.67  5.67  4.00  3.67  2.67  2.00  2.00  5.67
2023 03 16     6  3 3 0 1 1 1 1 1     7  3 2 1 3 2 1 1 0     8   4.33  2.67  1.33  1.33  0.67  0.67  1.00  0.67
2023 03 17     7  0 1 2 3 3 2 1 1    11  0 1 2 4 5 0 0 1     7   1.00  1.67  2.00  2.67  2.67  0.67  0.67  2.00
2023 03 18     6  2 2 1 2 2-1 2 1    23  1 3 1 6 5-1 2 1     8   2.67  2.67  2.00  2.33  2.33  1.00  2.33  1.33
2023 03 19     8  1 2 3 2 2 3 2 1     9  1 3 3 2 2 3 1 1    10   2.00  3.00  3.00  2.00  1.67  2.33  2.67  1.67
2023 03 20    10  2 0 0 2 4 4 1 2    25  1 1 0 5 5 6 2 2    13   3.00  1.00  1.00  3.00  3.67  4.00  1.67  2.67
2023 03 21     8  3 1 2 2 2 3 1 2     9  1 1 2 4 1 3 1 2     8   3.00  1.33  2.00  2.00  1.33  2.67  1.67  2.33
2023 03 22    14  3 3 3 4 3 2 3 1    38  3 3 6 7 4 3 2 1    17   4.00  3.33  3.67  3.67  2.67  2.67  3.33  0.67
2023 03 23    28  1 2 3 4 5 4 3 6    51  1 1 6 6 7 5 4 4    60   1.33  1.67  3.67  4.33  7.00  5.00  6.00  7.33
2023 03 24    40  5 7 5 4 2 2 4 3    68  4 6 8 6 4 5 4 3    66   6.67  7.67  6.67  4.33  2.33  3.33  4.67  4.33
2023 03 25    12  2 2 4 3 2 3 2 2    28  3 4 5 6 4 2 3 1    15   3.00  2.67  4.00  3.67  2.67  2.33  2.67  2.67
2023 03 26     6  2 2 1 1 2 2 2 1     7  2 3 2 1 1 1 2 2     8   3.00  2.67  2.00  1.00  1.00  1.33  2.67  1.67
2023 03 27     2  0 0 0 1 1 2 1 1     2  1 1 0 1 0 0 1 1     3   1.33  0.67  0.67  0.33  0.33  0.67  1.00  1.33
2023 03 28     4  1 0 1 1 2 2 1 1     4  0 0 2 1 3 2 1 0     5   2.33  0.33  1.33  1.00  1.67  1.00  1.00  1.33
2023 03 29     4  2 0 0 1 2 2 1 2     5  1 2 0 1 3 2 1 1     6   2.33  0.67  0.67  1.33  1.67  1.33  1.33  2.33
2023 03 30    11  3 2 2 3 3 3 2 2    27  2 2 5 5 4 5 3 3    17   3.33  2.33  2.67  3.33  3.00  3.67  4.33  2.67
2023 03 31    17  4 4 3 4 2 2 2 3    27  4 3 5 5 4 4 2 3     8   4.33  4.67  3.00  3.67  2.67  2.33  3.00  3.67
2023 04 01    -1 -1-1-1-1-1-1-1-1    -1 -1-1-1-1-1-1-1-1    13   2.33  1.33  2.00  3.33  3.00  3.00  3.00  3.67
2023 04 02    13  4 3 3 3 3 2 1 2    17  3 3 5 4 2 1 3 2    15   4.00  3.67  3.00  3.00  2.33  1.00  2.00  3.33
2023 04 03    11  3 2 2 2 3 2 3 3    29  2 1 3 5 6 5 3 3    15   3.67  2.00  2.00  3.00  3.00  2.67  3.67  3.33
2023 04 04    10  4 3 2 2 2 1 2 2    19  3 3 5 4 4 1 2 2    13   3.67  3.67  2.33  2.67  2.33  1.00  2.00  3.00
2023 04 05     9  3 2 2 2 3 2 2 2    23  3 2 3 5 6 3 1 1    11   3.33  2.67  2.00  2.67  3.00  2.00  2.67  2.00
2023 04 06     7  2 1 1 3 2 1 3 1    20  2 2 2 6 5 1 1 1     9   2.33  1.67  1.33  3.00  2.00  1.00  3.33  2.00
2023 04 07     7  2 2 2 2 3 1 2 1    12  2 3 4 4 3 0 1 0     8   3.00  2.67  2.00  1.67  2.00  1.00  1.67  1.67
2023 04 08     5  1 2 1 2 2 2 1 1     5  1 2 3 2 1 1 0 0     6   1.67  2.33  1.33  2.33  1.33  1.33  0.67  2.00
2023 04 09     5  2 1 1 1 2 1 1 2     4  1 1 1 2 2 1 1 1     6   3.00  0.67  1.33  1.33  1.33  1.33  1.00  2.00
2023 04 10    11  2 3 3 2 4 2 1 2    21  2 5 5 3 4 3 1 1    14   3.00  3.33  3.67  3.00  3.00  3.00  1.33  1.67
2023 04 11     6  1 1 3 1 2 2 1 1     7  0 2 4 2 1 1 2 0     6   1.00  1.33  3.00  1.33  1.33  1.33  1.33  0.67
2023 04 12     4  0 1 2 1 2 1 1 1     1  0 0 1 0 1 1 0 0     4   1.00  1.00  1.67  0.67  1.67  1.00  0.67  1.33
2023 04 13     5  2 2 1 1 2 2 1 1     3  2 1 0 0 0 2 1 1     6   2.67  2.00  1.00  0.33  1.00  2.00  1.67  1.67
2023 04 14    10  2 1 2 3 3 2 3 2    11  1 0 2 3 5 2 1 1     7   2.00  0.67  1.67  2.33  2.67  1.67  1.33  2.33
2023 04 15     8  2 1 3 2 3 1 1 2    14  1 2 3 4 5 2 1 1     9   2.67  1.67  2.67  2.33  2.67  1.67  1.33  2.00
2023 04 16     4  1 1 2 2 1 1 1 1     7  1 1 4 3 1 0 0 1     4   1.33  1.00  2.00  1.33  1.00  0.33  0.33  1.00
2023 04 17     6  1 1 2 2 2 2 2 2     7  2 1 2 2 2 3 1 1     6   1.67  1.33  2.00  2.00  1.33  1.67  0.67  1.33
2023 04 18     9  1 1 1 1 3 3 3 3     6  0 1 0 0 2 3 3 2    13   1.00  1.00  0.67  0.67  3.67  4.33  3.67  3.00
2023 04 19     9  2 1 2 3 3 2 2 2    40  1 1 1 7 6 6 2 1    12   2.67  1.33  2.00  3.67  4.00  3.00  1.67  1.00
2023 04 20     5  1 1 1 2 2 2 1 2     3  1 1 1 0 1 2 1 1     5   1.00  1.33  1.67  0.67  1.67  2.33  0.67  2.00
2023 04 21     8  2 1 1 2 2 3 2 3    13  2 2 2 5 2 3 2 2     9   2.67  1.33  1.67  2.00  1.67  2.67  3.00  2.33
2023 04 22     6  1 3 2 1 2 1 1 2     6  3 3 1 1 0 1 1 1     7   2.00  3.00  1.67  0.67  1.00  1.33  1.00  2.33
2023 04 23    32  2 1 2 3 5 3 6 6    76  3 2 2 6 6 7 7 7    66   2.33  1.67  1.67  3.67  5.00  5.00  8.00  7.67
2023 04 24    39  5 6 5 6 3 3 2 3    58  6 6 7 6 5 3 1 3    76   7.00  8.00  6.67  6.33  3.67  3.00  2.00  3.33
2023 04 25     7  2 2 2 1 2 1 3 2    12  2 0 1 1 5 3 3 2    10   2.67  1.67  1.33  1.33  2.67  2.33  3.33  2.33
2023 04 26    12  3 3 2 2 2 3 3 3    31  3 4 4 5 6 4 3 2    15   2.67  3.33  2.00  2.67  3.33  3.00  3.67  3.00
2023 04 27    20  4 4 3 3 4 3 4 2    35  4 4 5 5 5 5 3 3    23   4.33  4.33  3.33  3.33  3.67  4.33  3.00  3.33
2023 04 28    16  3 4 2 3 3 3 3 3    34  3 5 4 6 4 5 3 3    19   3.33  4.00  2.67  3.00  3.00  4.00  3.00  3.67
2023 04 29    18  3 3 4 4 4 3 2 2    40  3 4 6 6 5 5 3 2    20   3.33  3.33  4.00  4.00  3.67  3.33  3.00  2.67
2023 04 30     8  2 3 3 2 2 1 1 1    13  2 4 5 1 2 2 1 1    10   3.00  3.00  3.33  1.67  1.67  1.67  1.00  1.67
2023 05 01     8  2 1 3 2 2 1 2 3    11  2 2 3 3 3 2 2 3    10   2.67  1.33  2.67  1.67  1.67  2.00  2.33  3.67
2023 05 02     9  3 3 1 3 2 2 2 1    13  3 3 3 5 1 1 1 0     9   3.00  3.00  1.67  3.00  1.67  1.00  1.67  1.00
2023 05 03     4  0 0 1 1 2 2 2 1     1  0 1 0 0 1 0 0 1     4   0.33  0.67  0.67  1.00  1.33  1.00  0.67  1.67
2023 05 04     7  0 2 3 1 2 2 2 2     6  1 1 4 1 1 1 1 1     6   1.33  1.67  2.33  1.00  1.33  2.00  1.67  2.00
2023 05 05     4  1 1 1 1 2 2 1 1     2  1 1 0 2 0 0 0 0     5   2.00  1.33  1.00  1.00  1.00  1.00  0.67  1.33
2023 05 06    21  4 5 3 3 4 3 3 2    40  5 5 4 6 5 5 3 2    30   4.67  6.00  3.67  4.33  4.00  3.00  3.00  2.00
2023 05 07     8  1 2 2 2 2 3 2 2    13  2 2 3 4 2 3 3 2     9   1.33  2.00  2.00  2.00  2.00  3.67  1.67  2.67
2023 05 08    13  4 2 2 2 3 3 2 3    21  4 3 3 1 5 5 2 2    16   4.67  2.00  2.00  1.67  3.33  3.67  2.33  3.33
2023 05 09    11  3 3 1 2 2 2 1 4    17  4 4 2 3 4 3 1 3    14   3.67  3.00  1.33  1.67  2.33  2.00  1.33  4.67
2023 05 10    19  3 5 2 3 4 3 2 3    27  4 5 2 5 5 4 2 2    26   4.33  5.33  2.33  3.67  5.00  3.33  2.00  3.00
2023 05 11    10  2 3 2 2 3 2 2 3    11  3 3 4 2 2 2 1 2     9   3.00  3.00  2.33  1.67  1.67  1.67  1.67  2.67
2023 05 12    15  2 3 3 2 5 2 2 3    23  2 4 4 4 5 4 3 2    19   2.33  3.67  3.00  2.33  5.33  3.33  2.33  2.67
2023 05 13    12  2 2 3 2 2 2 3 4    -1  2 2 3 0-1-1-1-1    13   2.67  2.00  2.33  1.00  1.67  2.33  3.67  4.33
2023 05 14     9  1 2 1 1 3 3 3 2     8 -1 1 0 0 1 4 3 2     8   1.33  2.00  1.33  0.67  2.00  3.00  2.33  2.33
2023 05 15     6  1 0 1 1 3 2 2 2     4  2 1 0 0 1 2 2 2     6   1.00  1.00  1.00  0.33  1.33  1.67  2.67  2.00
2023 05 16    10  3 3 3 2 2 2 2 2     7  2 3 3 0 2 2 1 1     8   2.67  2.33  3.00  1.33  1.67  1.33  1.67  1.67
2023 05 17     5  1 1 1 2 2 2 2 0     2  2 2 0 0 0 0 1 0     4   1.33  1.33  0.67  1.00  1.00  1.00  1.00  1.00
2023 05 18     8  1 1 1 2 3 0 4 1     1  1 1 0 0 0 0 0 0     3   0.67  1.33  0.67  1.00  1.00  0.33  0.67  0.67
2023 05 19    10  1 0 1 2 3 2 3 4     2  0 0 0 0 0 1 2 2     9   0.67  0.33  1.00  1.00  1.67  1.67  3.00  4.33
2023 05 20    26  4 5 5 3 4 3 3 3    -1  5 5 5 5-1-1-1-1    35   5.67  5.67  4.67  4.33  3.67  3.33  3.00  3.33
2023 05 21    19  2 3 2 2 3 4 4 5    36 -1-1 2 4 5 6 4 4    28   2.67  2.67  2.00  2.00  2.67  4.00  5.67  6.00
2023 05 22    17  4 3 3 2 3 3 3 4    40  4 4 6 6 5 3 3 4    21   4.67  3.33  3.00  3.00  3.00  3.00  4.00  4.00
2023 05 23    11  3 3 2 2 2 1 3 3    19  3 4 5 4 2 1 2 3    12   2.67  3.00  3.00  2.33  1.00  1.33  3.00  3.67
2023 05 24    10  2 3 1 2 3 2 2 3    16  3 4 2 3 4 3 3 2    12   2.67  3.00  1.67  2.33  2.67  2.67  3.00  3.00
2023 05 25    11  3 3 3 3 2 2 2 1    21  3 3 4 5 5 2 2 1    11   3.00  2.67  3.00  3.00  2.00  1.67  2.67  2.00
2023 05 26     6  2 2 2 1 2 2 2 1     7  2 3 3 1 2 1 1 1     6   2.00  2.00  1.67  1.00  1.33  1.33  1.33  1.67
2023 05 27     5  1 2 1 1 2 2 1 2     4  2 2 1 1 0 1 0 2     4   1.00  1.33  1.00  1.00  1.00  1.00  0.67  2.00
2023 05 28    11  3 3 3 2 3 2 2 2    20  2 3 4 5 5 2 2 1    11   3.00  3.00  2.67  2.33  3.33  1.33  1.33  1.67
2023 05 29     5  1 1 1 1 2 1 2 2     2  1 0 0 1 1 1 1 1     4   0.67  1.00  1.33  1.00  1.00  1.00  1.00  1.67
2023 05 30     6  1 0 2 2 3 1 1 2     3  1 0 1 2 1 1 1 1     5   1.00  1.00  1.67  1.33  1.33  0.67  1.33  2.00
2023 05 31    11  3 2 3 2 1 3 2 3    12  2 3 4 2 0 4 2 2    10   2.33  1.67  3.00  2.00  1.67  2.67  2.67  3.00
2023 06 01    14  3 3 3 3 4 2 2 2    20  3 3 4 3 5 4 1 2    13   3.67  2.67  3.33  2.33  3.33  2.67  2.00  2.33
2023 06 02     8  2 2 2 2 3 2 1 2     4  1 2 3 1 0 0 1 0     5   2.00  1.67  2.00  1.00  1.00  0.67  1.00  1.67
2023 06 03     5  1 2 1 2 2 1 1 2     2  1 1 1 1 0 0 0 1     5   1.67  1.67  1.00  1.67  0.67  0.33  1.00  2.00
2023 06 04    11  2 2 2 3 3 3 3 2    12  2 2 3 4 3 1 3 1    11   2.33  1.67  2.33  2.67  1.67  1.67  4.00  2.33
2023 06 05     6  1 1 2 3 2 1 1 2     3  1 0 1 2 0 0 2 1     5   1.00  1.33  1.33  2.33  1.00  0.67  1.33  1.67
2023 06 06    10  3 3 1 3 3 2 2 1     8  3 2 1 4 1 0 1 1     7   2.67  2.33  1.33  2.33  2.00  1.00  1.00  1.00
2023 06 07     6  1 1 1 2 2 1 1 3     2  0 1 1 1 0 0 1 1     5   0.67  1.00  1.00  1.67  1.00  0.67  0.33  2.67
2023 06 08     6  2 2 1 2 2 2 2 1     6  2 2 1 3 3 0 1 0     5   2.00  1.67  1.33  1.67  1.67  1.00  1.00  0.67
2023 06 09     6  1 1 1 2 2 2 2 2     2  2 0 0 0 0 0 1 1     4   1.00  1.00  1.00  0.67  0.67  1.00  2.00  1.67
2023 06 10     4  1 1 1 1 2 2 1 1     2  1 0 0 2 1 1 1 0     5   1.33  0.67  1.33  1.67  1.00  1.33  1.67  1.33
2023 06 11    10  3 3 3 2 2 2 2 2    13  3 3 2 4 4 2 1 1     9   2.67  2.67  2.33  1.67  2.00  2.67  1.67  1.67
2023 06 12     8  2 1 1 2 4 2 2 1     4  2 1 1 1 2 1 1 0     6   2.00  1.33  1.33  1.33  2.67  1.67  1.67  1.33
2023 06 13     8  2 2 2 2 3 2 2 1     4  1 1 2 2 0 1 1 1     6   1.67  1.67  2.00  1.67  1.67  2.33  1.00  1.33
2023 06 14     5  2 0 1 2 2 2 2 1     2  2 1 1 0 0 0 0 0     5   2.67  1.33  1.33  1.00  1.00  0.67  0.67  1.00
2023 06 15    17  1 1 2 2 4 4 3 5    24  1 2 1 4 5 5 4 4    24   1.33  1.67  1.67  1.67  4.33  4.33  4.67  5.67
2023 06 16    24  4 5 4 4 3 2 3 4    40  5 5 5 6 5 3 3 3    38   5.00  6.33  4.67  5.00  4.00  3.00  3.33  3.33
2023 06 17     8  2 3 2 2 2 2 2 2    14  3 3 3 4 4 2 1 1     8   2.33  2.67  2.00  2.33  2.00  2.33  2.00  2.00
2023 06 18    12  2 3 1 4 3 2 2 3    23  3 4 2 4 4 5 4 2    10   2.67  2.67  1.67  2.67  1.67  2.00  3.00  2.33
2023 06 19     9  2 2 2 2 3 2 2 3    13  2 2 2 2 5 3 1 2    10   2.67  2.00  2.00  2.33  2.33  2.67  2.67  3.00
2023 06 20    13  3 3 1 3 3 3 2 3    14  3 3 2 1 5 2 2 2    10   3.00  2.67  1.67  2.33  2.33  2.67  1.67  2.67
2023 06 21     9  3 3 1 1 2 2 2 3     6  3 3 2 0 0 0 1 2     8   2.67  2.00  1.67  1.00  1.67  1.00  1.00  3.33
2023 06 22     8  1 1 2 3 3 2 2 2    17  1 2 3 3 5 4 3 2     8   1.00  1.33  2.67  2.67  2.33  1.67  2.00  2.33
2023 06 23     9  2 2 2 3 3 2 2 2    14  2 3 2 4 4 3 2 2     9   2.00  2.33  2.00  2.67  2.00  2.33  2.33  2.33
2023 06 24    16  2 3 2 3 3 3 4 4    19  2 4 4 3 4 3 3 3    16   1.67  3.00  2.67  2.67  2.67  3.00  4.00  4.33
2023 06 25    10  4 2 1 2 2 2 2 3    24  5 3 3 2 3 5 4 3    15   5.00  2.33  2.00  1.33  2.33  2.67  3.00  3.00
2023 06 26    11  2 2 2 3 3 3 2 3    24  3 3 3 4 4 6 2 2    11   2.67  2.33  2.33  2.67  2.67  3.00  1.67  3.00
2023 06 27     7  2 2 2 2 2 2 2 2    17  3 3 3 5 3 3 2 2     8   2.33  2.00  2.67  2.33  2.00  2.00  1.67  2.33
2023 06 28     8  2 2 2 3 2 2 2 2     9  2 3 2 4 2 1 1 1     8   2.33  2.33  2.00  2.33  1.67  1.33  1.67  2.33
2023 06 29    13  2 3 3 3 2 3 3 3    23  3 5 3 5 3 3 3 3    17   2.67  3.00  3.00  3.33  2.00  4.00  3.67  3.67
2023 06 30     8  3 1 3 2 2 2 1 1    12  3 2 3 4 4 2 0 0    18   3.33  1.67  2.33  2.00  2.67  1.67  0.67  0.33
2023 07 01     6  2 1 1 2 2 1 2 2     3  2 2 0 0 1 0 1 2     5   2.00  1.67  1.33  1.00  1.00  1.00  1.33  2.00
2023 07 02     8  1 2 1 3 3 2 2 1     5  1 1 1 2 3 2 0 0     5   1.33  1.33  1.67  2.00  2.00  1.33  0.67  1.00
2023 07 03     7  1 1 2 2 3 2 2 1     3  2 1 1 1 0 1 1 1     5   1.67  1.33  1.33  1.00  1.33  1.33  1.33  1.33
2023 07 04     5  1 1 1 2 2 2 2 1     2  0 2 1 1 0 0 0 0     4   1.33  1.33  1.33  1.00  1.00  0.67  1.00  1.00
2023 07 05     9  1 1 1 2 3 3 2 3     3  2 1 0 0 0 2 1 2     7   1.67  0.67  1.00  1.00  1.67  2.67  1.67  2.67
2023 07 06    11  3 2 2 3 3 2 2 3    18  2 2 2 5 5 3 2 2    11   2.33  2.33  2.00  3.00  3.00  2.33  2.33  3.00
2023 07 07    16  3 2 3 4 3 3 3 3    40  3 3 5 6 6 5 3 3    18   3.33  2.67  3.67  4.00  3.33  2.67  3.33  3.33
2023 07 08     6  3 2 1 1 2 2 1 1     8  4 2 2 1 1 1 2 1     8   4.00  2.33  1.33  1.33  1.00  1.00  1.00  1.00
2023 07 09     4  0 0 0 2 2 2 2 2     4  0 0 0 3 2 1 1 1     4   1.00  0.67  0.33  1.33  1.33  1.33  0.67  1.33
2023 07 10     6  2 1 1 2 2 2 2 1     8  2 2 1 4 2 1 1 1     5   1.67  1.67  1.00  1.67  1.00  1.33  1.00  1.00
2023 07 11     8  1 1 3 2 3 2 2 2    12  1 2 4 3 3 3 2 1     8   2.00  1.33  3.00  1.67  2.33  2.00  1.67  1.67
2023 07 12     6  2 1 1 2 2 2 2 1     8  3 2 2 2 3 2 1 1     6   2.33  1.33  1.33  1.67  1.67  2.00  2.00  1.33
2023 07 13     9  2 1 2 2 2 4 2 2     5  2 1 1 1 1 2 2 2     7   2.00  1.33  1.67  1.00  1.67  3.00  2.00  2.00
2023 07 14    17  3 4 3 2 3 3 3 4    32  5 4 4 3 5 4 5 3    20   3.33  3.67  3.33  2.00  3.00  4.00  4.33  3.67
2023 07 15     9  2 2 1 3 3 2 3 1    11  2 2 2 5 2 1 1 1     8   2.67  2.00  1.67  2.67  2.33  0.67  1.67  1.33
2023 07 16    13  1 1 1 2 3 2 3 5     5  2 0 1 0 1 1 2 3    10   1.00  0.67  1.00  1.00  1.33  1.00  3.00  4.67
2023 07 17    19  4 1 3 4 3 2 4 4    27  3 2 5 5 4 2 3 5    24   3.00  2.00  4.33  4.33  3.33  2.33  4.67  4.67
2023 07 18    16  4 3 3 3 4 2 3 2    15  4 3 3 4 3 1 3 1    16   4.67  3.00  2.33  2.00  3.33  1.33  3.67  2.67
2023 07 19     7  1 1 1 2 3 2 3 1     4  1 1 1 0 3 1 1 0     5   1.33  1.33  1.33  1.67  2.00  1.00  1.00  1.00
2023 07 20    10  1 1 1 2 3 4 3 2     6  1 1 1 1 2 3 2 2    10   1.00  1.33  0.67  1.33  1.67  4.00  3.67  2.00
2023 07 21    11  3 3 2 2 2 2 3 3    12  2 3 2 4 2 2 2 3    13   2.67  3.33  2.33  2.00  1.33  2.00  2.67  4.33
2023 07 22     9  4 2 2 2 2 1 2 1    15  3 3 2 5 4 1 1 1     9   3.33  2.67  2.33  2.33  2.00  0.67  1.00  1.67
2023 07 23     5  1 0 2 2-1 2 2 2     5  1 1 2 1-1 2 2 2     6   0.67  1.33  1.67  1.67  1.33  2.33  2.33  2.00
2023 07 24     8  2 2 1 2 3 2 2 2     6  3 2 1 0 3 1 1 1     7   2.33  1.33  1.00  1.33  2.33  1.00  1.67  2.67
2023 07 25    12  1 1 2 2 3 2 2 5    16  1 2 3 1 4 5 2 3    11   1.33  1.00  2.00  1.67  2.33  2.00  2.33  4.67
2023 07 26    23  3 5 4 4 4 3 2 3    35  4 5 5 5 5 5 2 2    21   3.67  4.67  4.33  3.67  3.33  2.67  2.33  2.67
2023 07 27     7  2 2 1 2 3 2 2 1     6  2 2 2 2 1 1 2 1     7   2.33  1.67  1.67  1.67  1.67  2.00  2.00  1.33
2023 07 28     5  1 0 0 1 3 2 2 2     6  1 0 0 0 4 2 2 1     6   0.67  0.67  0.67  0.67  2.33  1.33  2.67  2.67
2023 07 29     8  2 2 0 2 3 3 2 2    17  2 3 1 2 6 3 2 1     9   2.33  2.33  1.00  1.67  3.00  2.67  2.33  2.00
2023 07 30    18  1 2 2 2 3 2 6 3    23  1 5 4 5 4 4 1 1     9   1.00  2.67  2.00  2.33  3.00  2.00  2.67  2.00
2023 07 31     8  2 1 3 1 3 2 2 2    12  2 2 3 3 3 4 1 1     6   1.67  1.33  2.00  2.00  2.00  2.00  0.67  1.67
2023 08 01     9  2 1 1 2 4 2 2 2    10  1 2 1 1 4 4 2 1     9   2.33  1.67  1.00  1.67  3.33  2.67  2.33  2.00
2023 08 02    10  2 2 2 3 3 3 2 1    22  2 2 2 3 5 6 2 1    12   1.67  1.67  2.00  3.33  4.00  3.67  2.00  1.33
2023 08 03    -1  2 2 1 3 3 3 1-1    -1  2 2 1 4 4 2 1-1     6   2.00  2.00  1.33  2.67  2.00  1.67  0.67  0.00
2023 08 04    -1 -1-1-1-1-1-1-1-1    -1 -1-1-1-1-1-1-1-1    13   0.33  1.00  2.00  1.67  2.67  3.67  3.67  4.33
2023 08 05    24 -1 6 4 4 3 2 2 2    34 -1 6 5 6 3 1 2 1    36   4.67  6.67  5.33  5.00  3.00  2.00  1.67  1.33
2023 08 06     4  2 1 1 1 1 2 1 0     2  1 1 1 0 0 1 1 1     4   1.00  1.00  1.00  0.67  0.33  1.00  1.33  0.67
2023 08 07    11  3 2 1 2 3 1 2 4    16  3 3 1 0 5 2 3 4    12   3.33  2.33  1.33  1.33  2.67  1.33  3.00  4.00
2023 08 08     7  3 1 1 2 2 2 1 2    11  5 2 1 2 2 2 1 1     8   4.00  1.67  1.33  1.67  1.33  1.67  1.67  1.33
2023 08 09     8  2 1 2 1 3 1 2 3    10  1 1 2 3 4 3 1 1     7   2.00  1.33  2.00  1.33  2.33  1.67  1.67  2.67
2023 08 10     8  2 2 2 2 3 2 2 2    12  1 2 2 4 3 4 2 1     7   2.00  2.00  1.67  2.00  2.00  2.67  1.67  2.00
2023 08 11     6  2 1 1 2 3 1 1 1     4  2 1 1 0 1 2 1 1     5   2.00  1.00  1.33  1.33  1.33  1.33  1.33  1.33
2023 08 12    10  2 3 2 2 4 2 2 1     5  2 2 3 0 1 1 1 1     8   2.00  3.00  2.33  1.33  2.00  1.33  2.00  1.67
2023 08 13     7  2 2 1 2 3 1 2 2     3  2 1 1 1 0 1 0 1     5   2.00  1.67  0.67  1.33  1.33  0.67  1.00  2.33
2023 08 14     6  1 1 1 2 3 1 2 1     3  1 2 0 0 2 1 1 0     5   1.67  1.33  1.00  1.00  1.67  0.67  1.67  1.33
2023 08 15     7  1 1 1 3 3 1 2 1     2  1 1 0 1 0 0 1 0     4   1.00  1.33  0.67  1.00  1.67  0.67  1.00  1.67
2023 08 16    10  1 2 1 3 3 4 2 1     8  0 1 2 2 2 4 2 1     8   1.67  1.00  1.33  2.33  2.67  3.33  1.67  1.67
2023 08 17    10  3 2 3 2 3 2 2 2     7  2 2 3 1 3 1 1 1     8   2.67  1.67  2.67  1.00  2.00  1.67  2.00  2.00
2023 08 18    14  2 3 3 4 3 2 2 3    19  2 3 5 5 3 2 2 2    11   2.00  2.67  3.00  3.00  2.00  2.00  2.33  3.00
2023 08 19     8  2 2 1 2 2 2 3 2     8  2 1 1 3 3 1 3 1     8   2.33  1.33  1.33  2.00  2.00  1.33  3.33  2.33
2023 08 20    12  3 3 1 3 3 2 2 3     7  2 2 1 3 1 1 2 2    11   3.33  3.00  2.00  2.67  1.67  1.67  2.00  3.00
2023 08 21    10  2 1 3 2 3 2 2 3    13  2 2 3 4 4 1 2 2     9   2.33  2.00  3.00  2.33  2.67  1.67  2.00  1.67
2023 08 22    12  2 3 3 2-1-1-1 3    10  1 3 4 2 3 1 1 1     8   2.33  3.00  2.67  1.67  1.67  0.67  1.00  2.00
2023 08 23     5  1 1 1 2 2 1 2 2     2  1 1 0 0 0 0 1 1     4   1.67  1.00  0.33  0.67  1.00  0.33  1.00  1.67
2023 08 24     9  2 2 1 2 3 3 2 2     5  1 1 0 0 2 3 2 2     9   0.67  1.33  1.33  1.33  2.00  3.33  3.00  2.67
2023 08 25     7  2 2 1 2 3 2 2 1     2  2 1 0 0 1 1 1 0     5   2.33  1.33  1.00  1.33  1.67  1.33  1.67  0.67
2023 08 26     9  2 3 3 2 2 2 2 2    12  1 2 3 2 4 4 1 1     7   1.67  2.33  2.67  1.67  1.67  2.00  1.33  2.00
2023 08 27    13  3 4 4 2 2 2 2 1    15  4 3 4 2 2 4 2 1    11   3.67  3.33  2.67  1.33  1.67  1.67  2.67  1.00
2023 08 28     8  2 2 2 3 2 2 2 1    17  1 3 5 5 3 2 1 0     6   2.00  2.00  2.00  2.00  1.67  1.67  2.00  1.00
2023 08 29     7  2 1 1 2 3 1 2 2     6  0 0 0 4 3 1 1 1     5   0.67  0.67  0.67  2.00  2.33  0.67  1.00  2.00
2023 08 30     9  2 2 1 3 3 1 3 1     7  1 1 1 3 3 2 1 1     6   2.33  1.33  1.33  2.00  2.33  1.33  2.00  1.00
2023 08 31     8  1 2 2 3 2 2 2 2    10  1 2 3 5 0 1 1 1     6   1.00  1.67  2.00  2.33  1.00  1.33  1.67  1.67
2023 09 01    15  2 3 3 4 4 2 2 3    27  2 3 4 6 4 5 2 2    12   3.00  2.67  2.67  3.33  3.00  2.33  2.67  1.67
2023 09 02    25  3 4 3 4 5 3 4 4    59  3 3 7 6 6 6 3 5    38   3.33  4.33  5.33  5.00  4.67  4.33  4.33  5.00
2023 09 03    28  5 3 5 4 4 4 3 3    28  5 4 5 5 4 3 2 2    25   5.67  3.33  4.67  3.67  3.33  3.00  1.67  3.00
2023 09 04    14  3 4 3 3 3 2 2 2     5  2 2 1 1 2 1 1 1     8   2.67  2.67  2.00  1.33  1.67  2.00  1.67  1.33
2023 09 05    14  3 3 3 2 3 3 3 3     9  0 2 0 2 2 4 3 2    11   1.33  1.33  1.33  1.33  1.67  3.67  4.00  2.33
2023 09 06    10  3 2 3 2 3 2 2 1    11  1 0 3 2 5 2 1 1     8   2.00  1.00  2.33  1.33  3.00  2.67  1.00  1.00
2023 09 07    11  3 3 2 2 3 2 3 2     3  2 0 1 1 1 1 1 1     6   2.67  1.33  1.33  1.33  1.67  1.33  1.67  2.00
2023 09 08     8  3 3 2 2 2 2 1 1     3  1 2 0 1 1 1 0 1     6   3.00  1.33  0.33  0.67  1.33  2.00  1.33  1.00
2023 09 09    12  3 3 2 2 3 4 1 1    10  1 2 2 4 4 2 0 0     8   3.00  1.67  1.00  2.00  2.67  2.67  0.33  0.67
2023 09 10     6  2 2 1 2 1 2 1 2     1  1 0 0 0 0 1 1 0     4   2.00  0.67  0.67  0.67  0.67  1.33  1.00  1.33
2023 09 11     8  2 1 2 2 3 2 2 2     5  2 1 1 2 2 1 1 1     7   2.33  1.67  1.67  1.67  2.00  1.67  1.67  2.00
2023 09 12    17  2 1 1 3 5 4 2 4    38  1 1 0 3 6 7 5 3    25   1.67  1.00  1.33  3.00  5.33  5.67  3.33  4.00
2023 09 13    17  4 4 3 3 3 3 2 3    28  3 3 3 6 5 5 1 1    17   4.67  3.67  2.67  2.67  3.00  3.00  2.00  3.00
2023 09 14    13  4 2 3 2 2 2 3 3    16  3 2 3 3 1 2 5 3    18   4.33  2.67  3.00  2.00  1.67  2.33  4.00  4.33
2023 09 15     7  2 2 1 1 2 2 1 3     7  2 2 0 0 2 3 1 3     7   2.67  2.00  1.00  0.33  1.67  2.00  1.33  2.67
2023 09 16     5  1 1 1 1 2 1 2 2     3  1 0 1 0 0 2 2 2     7   2.00  0.67  1.00  1.00  0.67  1.33  3.00  2.67
2023 09 17    14  3 3 3 3 3 2 3 3    17  3 3 4 4 4 2 2 2    16   3.33  3.67  3.00  3.33  2.67  2.67  3.33  3.00
2023 09 18    21  4 3 2 2 4 4 4 4    49  3 4 5 4 4 7 6 4    30   4.67  4.00  2.67  2.00  4.33  4.67  5.00  4.33
2023 09 19    38  5 6 4 5 5 4 3 2    61  4 6 5 6 6 7 3 3    49   5.67  6.67  4.33  4.33  5.33  5.33  3.67  3.00
2023 09 20    15  3 3 4 3 3 2 2 3    28  2 3 5 6 4 3 3 3    16   3.67  3.33  3.67  3.00  2.33  2.00  3.00  3.67
2023 09 21    10  3 2 2 2 3 2 2 3    17  2 2 2 2 5 5 1 2    10   2.67  2.67  2.33  1.67  2.33  2.67  2.00  2.33
2023 09 22     7  1 1 3 2 2 2 2 2    23  2 2 4 6 4 4 1 2     8   2.00  1.33  2.67  2.33  2.00  2.67  2.00  2.00
2023 09 23     9  3 2 2 3 2 2 2 2    24  2 3 3 6 5 3 2 1    10   3.00  2.67  2.00  2.67  2.33  1.33  2.00  2.33
2023 09 24    17  2 2 2 2 2 1 5 5    16  1 2 3 4 3 1 4 4    21   2.00  2.00  2.00  2.00  1.00  0.33  5.67  5.67
2023 09 25    15  4 4 3 3 3 2 2 2    24  4 5 3 5 4 3 2 2    23   5.33  5.00  3.33  3.33  3.67  2.33  2.33  2.00
2023 09 26    26  3 4 5 4 5 3 3 3    68  1 3 7 7 7 6 3 2    32   3.33  4.33  4.67  5.33  5.33  3.67  3.33  3.33
2023 09 27    12  3 3 3 3 3 2 2 1    17  4 2 4 4 4 3 2 0    15   4.00  3.00  3.33  3.33  3.00  3.00  2.33  1.00
2023 09 28     5  1 2 0 2 2 2 1 2     2  1 1 0 2 0 0 0 1     6   1.67  3.00  0.67  1.67  0.67  0.67  0.67  2.33
2023 09 29    13  2 2 3 4 4 3 1 1    27  1 3 6 6 4 1 1 1    12   2.33  2.33  3.67  4.00  3.33  1.33  1.00  1.33
2023 09 30    11  1 2 4 2 3 2 2 3    18  2 1 4 4 4 4 3 2     6   1.67  2.33  3.00  2.33  2.33  2.00  2.33  3.00
2023 10 01     9  4 2 2 2 2 2 1 2    10  3 2 2 3 4 1 1 1     9   4.00  2.00  2.00  2.00  2.00  1.00  1.33  1.67
2023 10 02    10  2 3 1 3 3 2 2 2     9  2 2 2 4 2 1 1 2     9   3.00  3.33  1.00  2.33  1.67  1.67  1.67  2.33
2023 10 03     6  1 2 2 1 3 2 1 1    19  2 0 2 4 5 5 3 0     8   1.33  2.67  1.67  1.33  2.33  2.33  2.33  1.67
2023 10 04     8  2 2 2 2 2 1 2 3    19  1 1 5 5 4 2 2 2    10   2.67  2.33  2.67  2.67  2.00  1.67  2.00  3.33
2023 10 05    11  3 4 2 3 2 1 2 2    22  3 4 3 6 4 1 1 2    16   4.33  5.00  2.33  3.00  2.00  1.00  1.33  2.33
2023 10 06     7  2 2 2 2 1 2 1 3    10  2 3 4 1 2 3 0 2     9   2.33  2.67  2.33  1.67  1.33  1.67  1.00  3.33
2023 10 07    -1  1 2-1-1-1-1-1-1     2  1 1 1 0 0 0 1 0     5   1.33  2.00  1.33  0.67  0.33  0.33  1.67  1.67
2023 10 08    -1 -1-1-1-1-1-1-1-1     7  1 2 3 3 1 1 1 1     7   2.00  2.00  2.33  1.67  0.67  1.00  1.67  2.67
2023 10 09    -1 -1-1-1-1-1-1-1-1    14  0 0 4 4 4 3 3 1     8   2.33  1.33  2.00  1.67  2.00  2.00  3.33  1.67
2023 10 10    -1 -1-1-1-1-1-1-1-1     4  1 2 1 3 0 0 0 0     4   1.00  2.00  1.67  1.67  0.33  0.67  0.67  0.33
2023 10 11     3 -1-1-1-1-1 0 1 2     2  0 0 1 2 1 0 0 0     4   0.67  0.67  1.33  1.33  1.00  1.00  0.67  1.00
2023 10 12     3 -1 1 1 1 2 1 0 1     0  0 0 0 0 0 0 0 0     4   1.33  1.00  1.33  1.00  0.67  1.00  0.67  1.00
2023 10 13    11 -1 1 3 2 3 3 3 2    15  0 3 3 3 4 4 3 1    13   1.00  2.67  3.33  2.67  3.00  3.67  2.67  2.33
2023 10 14     6  1 1 1 3 2 1 2 1     5  1 1 1 3 1 0 2 1     8   2.00  1.67  2.00  3.00  1.67  1.00  2.67  1.00
2023 10 15     2  0 0 1 1 1 1 1 1     1  0 0 0 1 1 0 0 0     4   0.67  0.33  1.00  0.67  0.67  0.67  1.00  2.00
2023 10 16     3  2 0 1 1 2 1 0 0     0  0 0 0 0 0 0 0 0     4   2.00  0.33  0.67  1.00  1.33  0.67  0.33  0.33
2023 10 17     2  0 0 0 0 2 1 1 1     0  0 0 0 0 0 0 0 0     3   0.67  0.33  0.67  1.00  1.00  0.33  0.00  0.67
2023 10 18     8  0 2 2 2 3 3 2 2    12  0 1 0 3 5 4 1 1     9   0.33  2.00  1.33  2.33  3.00  3.00  2.33  2.33
2023 10 19     8  2 3 2 3 2 1 1 1    24  2 4 4 6 3 4 2 1    10   2.67  3.67  2.33  2.67  1.67  1.67  1.67  1.00
2023 10 20     8  2 2 2 2 2 1 2 3    10  1 1 3 4 3 1 1 2     8   1.33  2.33  2.33  2.33  2.00  1.00  2.33  2.67
2023 10 21    13  3 3 4 4 2 2 1 1    39  3 5 6 6 4 5 2 2    22   4.00  4.67  5.00  3.33  2.67  3.33  1.67  1.00
2023 10 22     7  2 1 2 2 1 2 3 1    17  1 1 4 5 4 3 2 2     8   2.33  1.67  2.33  2.33  1.33  1.67  3.00  1.67
2023 10 23     2  1 0 0 0 1 1 0 1     1  1 0 0 0 1 1 0 0     3   1.00  0.33  0.33  0.33  1.00  0.67  0.67  0.67
2023 10 24     2  1 0 0 1 1 1 1 1     3  1 0 1 2 0 1 1 1     4   0.33  0.33  0.67  1.33  0.67  1.00  1.33  1.33
2023 10 25     3  1 0 0 1 2 1 1 1     2  0 0 0 1 1 1 1 0     4   0.67  1.00  0.33  0.67  1.00  0.67  1.33  1.67
2023 10 26    18  2 2 2 4 4 3 4 4    29  1 2 1 6 6 5 2 1    23   2.67  2.67  2.00  4.67  4.00  3.33  4.33  4.67
2023 10 27     9  3 4 2 2 2 1 1 1    33  3 5 4 5 3 3 3 6    11   3.33  4.00  2.67  2.33  1.67  1.67  1.33  1.00
2023 10 28    13  1 2 2 4 4 2 2 3    86  6 6 7 7 7 6 3 3    19   1.00  3.00  3.33  4.00  4.33  3.33  3.00  3.67
2023 10 29    21  4 3 4 4 4 3 3 3    49  4 5 6 6 6 5 3 3    28   4.67  3.67  4.67  3.67  4.00  4.00  3.33  4.00
2023 10 30    10  3 2 1 3 3 2 2 2    31  5 2 1 6 6 3 2 2    12   4.00  2.00  1.33  3.33  3.33  1.67  2.33  2.33
2023 10 31     6  2 2 1 2 2 2 1 1    18  2 2 3 5 5 3 1 1     9   2.67  2.33  2.00  2.67  2.67  1.33  1.67  2.00
2023 11 01     6  2 2 1 2 2 2 2 1    13  1 2 3 4 4 3 1 1     9   2.33  2.67  2.33  2.67  2.33  2.00  1.33  1.67
2023 11 02     4  2 2 1 1 1 1 1 1     4  1 1 2 2 2 1 0 1     7   2.67  2.67  2.00  1.67  1.33  1.33  1.33  1.33
2023 11 03     3  1 0 1 1 1 2 1 1     3  0 1 2 2 2 0 0 0     4   1.00  1.00  1.67  1.33  1.00  0.33  0.67  0.67
2023 11 04    12  1 1 2 1 2 4 4 3     8  0 1 2 2 2 2 3 3    14   1.00  1.00  2.00  1.00  1.67  3.00  4.67  4.33
2023 11 05    30  2 2 1 5 5 5 5 4    58  3 2 2 6 5 7 7 4    57   3.00  2.33  1.33  6.00  6.00  7.00  6.33  4.67
2023 11 06    27  3 4 3 4 2 5 5 4    51  3 5 6 7 3 5 5 3    40   4.33  5.67  4.67  4.33  2.67  4.67  5.33  4.67
2023 11 07    11  3 3 2 2 3 3 2 2    25  4 4 2 4 4 5 4 2    18   4.67  4.33  2.33  2.33  2.67  3.33  3.00  2.67
2023 11 08    15  2 4 3 3 2 3 3 3    21  3 3 2 6 3 3 3 2    16   2.67  4.00  3.00  3.33  1.33  2.33  4.00  3.33
2023 11 09     8  2 1 3 2 2 2 2 2    16  2 3 3 5 3 2 3 2    12   2.67  2.33  3.33  2.67  2.00  2.00  2.67  3.00
2023 11 10     7  1 3 2 2 2 2 1 1    13  3 3 4 3 4 2 0 0    10   2.33  3.67  2.67  2.00  2.33  1.67  1.00  2.00
2023 11 11     4  1 1 1 0 2 2 1 1     3  1 1 2 2 1 0 1 0     5   2.00  1.33  1.67  1.00  1.00  1.00  1.00  0.67
2023 11 12    10  0 1 4 3 2 2 1 3    16  0 1 5 5 3 2 1 2    10   0.67  1.33  4.00  2.67  2.33  1.67  1.33  3.00
2023 11 13    15  5 4 1 2 3 2 2 1    11  3 3 2 2 4 3 1 0    16   5.00  3.67  1.67  1.67  3.00  3.00  2.00  1.33
2023 11 14     5  2 1 0 1 2 3 2 0     5  1 1 1 1 1 3 2 0     6   2.33  1.00  0.33  1.00  1.33  3.00  2.33  0.67
2023 11 15    11  2 1 3 2 3 4 2 2    22  1 2 3 4 6 4 2 2    12   2.33  1.67  2.33  2.00  3.33  3.33  3.33  2.67
2023 11 16     7  1 1 2 2 2 3 2 2    12  1 1 4 3 4 2 1 2     8   1.67  1.00  2.67  2.00  2.33  2.33  1.33  2.33
2023 11 17     3  1 0 0 1 2 2 1 0     2  0 1 1 2 1 0 0 0     3   0.67  0.33  0.33  0.67  0.67  1.67  1.33  0.33
2023 11 18     2  0 1 0 0 2 1 1 1     1  0 1 1 1 0 0 0 0     3   0.33  1.00  0.67  1.00  0.67  0.33  1.00  1.33
2023 11 19     3  0 0 1 1 2 2 1 1     4  0 0 3 3 1 0 0 0     4   0.67  0.33  1.67  1.67  0.67  0.67  1.33  1.00
2023 11 20     4  1 1 1 1 1 2 2 1     4  0 0 3 2 1 1 0 0     5   1.00  1.00  2.00  2.00  1.67  1.33  1.33  1.00
2023 11 21    15  1 2 4 3 4 3 2 3    31  0 1 5 3 6 6 2 3    18   1.33  2.33  4.33  3.33  3.67  3.67  3.00  3.67
2023 11 22    17  3 3 4 4 3 3 3 2    60  3 6 7 6 5 6 4 2    30   4.00  5.00  5.00  4.33  3.33  4.00  4.00  2.67
2023 11 23     4  2 2 2 1 1 1 0 1     8  1 1 4 3 3 1 0 0     7   2.67  2.33  2.67  1.33  1.67  0.67  0.67  0.67
2023 11 24     5  1 2 1 1 2 1 1 2     6  0 1 0 1 3 3 2 2     7   1.67  1.67  1.33  1.33  2.00  1.67  2.33  2.67
2023 11 25    18  2 2 3 3 4 4 4 3    61  2 2 7 6 6 6 6 3    38   3.00  3.00  4.67  4.67  5.00  4.67  6.00  4.00
2023 11 26    -1  4 2 2-1-1-1-1-1    12  3 1 4 4 3 1 1 1    10   4.00  2.33  3.33  2.00  2.00  0.67  1.33  1.67
2023 11 27     2 -1-1-1-1-1 0 1 1     9  0 0 4 2 4 2 1 0     7   1.33  1.67  2.33  1.33  2.00  2.33  1.33  2.00
2023 11 28     6  1 1 2 2 2 2 2 1    11  1 0 2 5 2 3 2 1     7   2.00  2.00  2.00  2.00  1.67  2.00  2.00  1.67
2023 11 29     5  0 2 2 1 1 2 2 1     8  0 1 3 3 4 1 1 0     5   1.00  2.00  2.00  1.33  1.67  1.00  2.00  0.67
2023 11 30     4  2 1 1 1 1 2 1 0     6  0 2 3 2 3 0 0 0     5   1.67  2.00  1.33  1.33  1.67  1.00  1.33  0.33
2023 12 01    30  4 3 3 6 5 3 3 4    57  3 3 4 7 6 6 6 3    56   4.33  4.00  4.00  7.00  6.33  4.67  5.00  5.00
2023 12 02    11  5 3 2 1 1 2 1 1     8  4 3 2 2 0 2 0 1    14   5.33  4.00  2.00  1.00  1.00  1.67  1.33  1.67
2023 12 03    10  2 3 3 1 2 3 2 2     8  2 2 3 2 1 2 2 2    11   2.67  3.00  3.00  1.67  2.33  3.33  2.00  2.33
2023 12 04     9  2 2 3 2 2 3 2 1    14  1 1 4 4 4 3 2 1     9   2.33  2.33  3.00  2.67  2.33  2.33  2.00  1.33
2023 12 05     9  3 3 2 2 3 1 1 2    32  1 4 2 6 6 4 3 3    15   3.33  3.33  2.67  3.33  3.00  3.00  2.33  3.00
2023 12 06     7  2 2 2 2 2 2 2 1    25  3 2 5 5 5 3 3 2    10   2.67  2.67  2.67  2.33  2.67  2.67  2.00  2.00
2023 12 07     4  1 0 1 1 1 2 2 2     4  1 1 2 2 2 0 1 0     5   1.33  0.67  1.33  1.00  0.67  0.67  2.00  2.33
2023 12 08     4  1 1 1 1 1 2 1 1     3  0 0 1 1 0 2 2 1     5   1.00  0.33  1.33  1.33  0.67  1.67  1.67  1.33
2023 12 09     2  0 0 0 1 1 2 0 1     0  0 0 1 0 0 0 0 0     3   0.33  0.33  1.00  0.67  0.33  0.67  0.67  0.33
2023 12 10     4  0 1 1 1 2 2 1 1     2  0 1 2 0 1 0 0 0     4   0.67  1.33  1.00  0.33  1.00  1.00  1.33  1.00
2023 12 11     3  0 2 1 0 2 1 1 0     0  0 0 0 0 0 0 0 0     3   0.67  1.33  1.00  0.33  0.67  0.67  0.33  0.33
2023 12 12     8  0 1 1 1 4 3 2 1    18  0 0 1 1 6 5 2 0    10   0.33  2.00  1.33  1.00  4.00  3.67  2.33  1.33
2023 12 13     7  0 2 2 1 2 2 2 3    17  0 1 3 5 4 4 3 1     8   0.67  2.00  1.67  1.67  2.00  2.67  2.33  3.00
2023 12 14    13  3 3 3 3 3 3 1 2    30  4 4 5 6 4 3 2 2    16   4.00  4.00  3.33  3.67  2.67  2.00  1.33  2.33
2023 12 15     8  1 1 1 2 3 3 2 2    25  1 1 2 5 6 4 3 3    12   2.00  1.33  1.33  2.67  3.33  3.00  3.33  3.33
2023 12 16    10  3 3 3 2 2 2 2 2    13  3 3 3 3 4 1 1 2    14   3.33  4.00  3.00  1.67  2.33  1.00  3.00  3.00
2023 12 17    32  3 4 4 5 5 5 3 4    88  3 5 6 7 7 8 4 3    36   3.67  4.33  4.33  4.67  5.33  5.33  3.33  4.33
2023 12 18    16  2 3 5 3 3 2 2 3    40  2 3 6 6 6 4 3 3    28   2.67  3.33  6.00  4.00  3.33  3.00  2.67  4.67
2023 12 19    10  3 3 2 1 2 3 2 2    11  3 4 3 1 1 2 2 2    12   3.67  3.67  2.67  1.67  1.67  2.33  2.00  2.67
2023 12 20     7  3 2 2 1 2 2 2 1    21  4 3 4 5 4 3 2 1    11   4.00  3.33  2.33  2.00  2.33  2.33  1.67  1.00
2023 12 21     3  2 1 0 2 1 1 1 0     9  1 1 1 5 2 2 1 0     5   2.67  0.67  0.67  2.33  0.67  1.00  0.67  0.33
2023 12 22     3  0 1 1 1 1 2 1 0     1  0 1 1 1 0 0 0 0     4   0.67  1.33  1.67  0.67  0.33  1.00  0.67  0.67
2023 12 23     5  0 1 3 1 2 2 1 1    12  0 0 3 1 4 5 1 1     7   0.67  1.00  2.67  1.33  2.00  2.67  1.00  1.33
2023 12 24     7  2 2 2 3 2 2 1 1    14  0 3 3 5 4 1 1 0     9   2.67  2.67  2.67  3.00  2.00  1.67  1.33  1.00
2023 12 25     2  0 1 1 0 1 2 1 0     0  0 0 0 0 0 0 1 0     4   0.33  1.00  1.00  0.67  0.33  1.33  1.67  0.67
2023 12 26     4  0 1 1 2 2 2 1 0     4  0 0 0 2 3 1 1 0     5   0.33  1.67  1.67  2.00  1.67  1.33  1.33  0.33
2023 12 27     4  2 1 1 1 1 2 0 1     2  0 0 2 1 0 1 0 0     4   1.67  1.33  1.33  1.67  0.67  1.00  0.67  0.67
2023 12 28     2  0 1 1 0 1 1 0 2     1  0 0 1 1 0 0 0 0     3   0.33  0.33  1.33  0.33  0.33  0.67  0.33  2.00
2023 12 29     6  1 1 1 3 1 2 2 2     8  0 0 2 5 1 0 0 1     6   1.00  1.67  1.67  2.33  1.67  1.00  1.67  2.33
2023 12 30     4  1 2 1 1 1 2 1 0     2  0 1 1 0 1 1 0 0     5   1.00  2.33  1.00  1.00  1.00  1.33  1.00  0.33
2023 12 31    -1  0 1 0 0 1 2 1-1    -1  0 0 0 0 0 0 0-1     3   0.33  1.00  0.67  0.67  0.67  1.00  1.33 -1.00
