:Product: Daily Geomagnetic Data     2024_DGD.txt
:Issued: 0000 UT 01 Jan 2025
#
#  Prepared by the U.S. Dept. of Commerce, NOAA, Space Weather Prediction Center
#  Please send comment and suggestions to SWPC.Webmaster@noaa.gov
#
#             2024 Daily Geomagnetic Data
#
#
#                Middle Latitude        High Latitude            Estimated
#              - Fredericksburg -     ---- College ----      --- Planetary ---
#  Date        A     K-indices        A     K-indices        A     K-indices
2024 01 01     6  0 1 0 2 2 2 2 3    14  0 0 1 4 4 4 3 3    10   0.33  1.00  1.00  1.67  2.00  2.67  3.00  4.00
2024 01 02     8  2 2 1 2 3 3 2 1    13  1 2 1 3 5 4 0 1     8   2.67  2.67  1.00  2.00  2.33  2.67  1.33  1.00
2024 01 03     8  2 2 1 2 2 3 2 2    11  1 3 1 4 3 2 2 2    11   2.67  2.67  1.67  2.00  2.00  2.67  3.00  3.00
2024 01 04     5  2 1 1 1 1 2 1 2     3  1 1 0 2 0 2 0 2     6   2.33  0.67  1.67  1.00  0.67  1.33  1.00  2.67
2024 01 05     4  2 1 0 1 2 2 1 1     7  2 1 0 2 3 4 0 0     5   2.33  1.33  0.33  1.33  1.33  2.00  0.67  1.33
2024 01 06     2  1 1 0 1 1 2 0 0     1  0 1 0 1 0 0 0 0     3   0.67  1.33  0.00  0.33  0.33  0.33  0.67  1.00
2024 01 07     3  0 0 0 1 2 2 2 0     1  0 0 0 1 0 1 0 0     3   0.33  0.00  0.67  0.67  0.67  1.00  0.67  0.33
2024 01 08     4  0 1 0 1 2 2 2 1     3  0 0 0 1 3 1 0 1     4   0.33  0.67  0.33  0.67  2.00  1.33  1.67  1.67
2024 01 09     5  1 1 3 1 1 2 1 1     4  1 0 2 3 2 1 0 0     6   2.00  1.67  2.67  1.00  1.33  1.67  0.67  1.00
2024 01 10     7  1 2 1 3 2 2 2 1    13  0 0 0 5 5 1 1 0     7   1.67  2.00  1.33  2.33  2.33  1.67  2.33  2.00
2024 01 11     4  0 1 1 2 2 2 1 1    11  0 0 3 3 5 1 0 1     6   1.00  1.33  2.33  2.00  2.33  1.33  1.00  1.67
2024 01 12     4  0 2 1 2 2 2 1 0     4  0 0 1 2 2 3 0 0     4   0.67  1.33  1.33  1.33  0.67  1.33  1.00  1.00
2024 01 13     3  1 0 0 2 2 2 1 0     1  0 0 1 1 0 0 0 0     3   0.67  0.33  0.33  1.33  1.00  1.00  1.00  0.67
2024 01 14     5  0 1 2 1 2 1 2 2    10  0 1 2 4 3 3 2 1     6   1.00  1.33  1.67  2.00  1.67  2.00  2.00  2.33
2024 01 15     4  0 0 1 1 2 2 2 1     6  0 0 4 2 2 0 1 0     6   1.00  0.67  1.67  1.67  2.33  0.67  2.00  1.67
2024 01 16     4  2 2 1 0 2 2 1 0     2  2 1 0 0 1 0 1 0     6   3.00  2.33  1.00  0.67  1.00  1.00  1.33  0.67
2024 01 17     3  0 1 1 1 1 2 1 1     3  0 0 3 0 2 0 0 1     4   0.67  0.67  1.33  0.67  0.67  1.00  1.00  1.33
2024 01 18     4  1 1 0 2 2 2 1 1     7  0 0 1 4 3 1 1 2     6   1.00  1.00  2.00  2.00  1.67  1.33  2.00  2.00
2024 01 19     5  1 2 1 1 2 2 1 2     6  0 3 3 2 1 1 1 0     8   1.33  3.00  2.33  1.33  1.67  2.00  1.67  2.00
2024 01 20     4  0 2 1 1 2 2 1 1     8  0 0 2 3 4 2 1 1     6   1.33  2.33  1.33  1.33  2.33  2.00  1.00  1.67
2024 01 21     5  0 1 1 3 2 1 1 1     9  0 0 2 5 3 1 0 0     6   0.67  1.67  2.00  2.67  2.00  0.67  1.00  1.33
2024 01 22     6  0 1 1 1 1 2 3 3     6  0 0 1 2 3 2 2 2     9   0.67  0.67  1.33  1.00  2.00  2.33  3.33  3.67
2024 01 23     5  2 2 1 1 2 1 1 1     7  2 2 2 3 2 1 1 1     7   2.33  2.67  2.00  1.33  1.67  1.33  1.33  2.00
2024 01 24     7  3 2 3 1 2 2 0 1     8  2 3 3 3 3 0 0 0    10   3.67  3.00  3.33  1.67  1.67  1.00  0.67  1.00
2024 01 25     4  0 1 1 1 2 1 2 1     6  0 0 0 1 4 3 1 0     6   0.67  1.00  1.00  1.67  2.33  2.00  1.67  2.00
2024 01 26     4  0 1 0 1 2 2 2 2     3  0 0 0 1 3 1 1 1     6   1.00  1.33  0.33  0.67  2.67  2.00  1.67  2.33
2024 01 27     4  2 2 1 1 1 1 1 1     4  1 1 3 2 1 0 0 0     5   2.67  1.33  1.33  1.33  0.67  1.33  1.00  1.00
2024 01 28     5  1 1 1 1 2 2 2 2     6  0 0 1 4 2 1 1 2     8   1.33  1.00  2.00  2.00  2.00  1.67  3.00  3.00
2024 01 29     7  2 1 1 1 3 2 2 2     5  1 2 1 1 3 1 0 1     9   3.00  1.67  1.33  1.00  2.33  2.33  2.33  2.67
2024 01 30     8  2 3 3 2 1 2 1 2     7  1 2 3 3 2 1 1 1     8   2.33  3.00  2.33  1.67  1.33  1.00  2.33  2.00
2024 01 31     7  2 2 1 1 2 3 2 1     4  0 1 1 3 1 1 1 0     6   2.00  2.33  1.33  1.67  1.67  2.00  1.67  1.00
2024 02 01     4  1 1 2 2 1 1 1 0     6  0 0 1 4 3 1 1 0     5   1.00  1.33  2.00  2.00  1.00  1.67  1.67  0.67
2024 02 02     3  0 0 1 2 2 2 1 0     2  0 0 1 2 1 0 0 0     3   0.67  0.33  1.33  1.33  0.67  0.67  0.33  0.00
2024 02 03     2  0 1 1 1 0 1 1 0     0  0 0 0 1 0 0 0 0     3   0.33  1.33  1.00  0.67  0.00  0.67  0.67  0.67
2024 02 04     5  0 1 1 1 2 2 2 2     2  0 0 1 1 0 0 1 2     6   0.67  1.33  1.00  1.67  0.67  1.67  2.00  3.00
2024 02 05     6  1 1 2 1 2 2 2 2     4  0 0 1 1 3 1 1 1     7   0.67  0.67  2.33  1.67  2.00  2.33  2.00  2.67
2024 02 06     8  2 2 2 2 2 3 2 1     6  1 1 0 4 2 1 1 0     8   3.00  2.33  1.67  2.00  2.00  1.67  2.00  1.00
2024 02 07     3  0 0 1 1 2 1 1 1     3  0 0 1 1 3 1 0 0     4   0.33  0.67  1.33  1.33  1.67  1.00  1.00  1.33
2024 02 08     5  1 1 1 1 2 2 2 1     5  0 0 1 3 3 2 1 0     5   1.00  1.00  1.33  1.67  2.00  1.67  2.00  0.67
2024 02 09     4  1 0 0 1 1 1 1 3     2  0 0 0 2 2 0 0 1     6   1.00  0.33  1.33  1.67  1.67  0.67  1.00  3.00
2024 02 10     4  0 2 1 2 2 1 1 1     2  0 0 0 2 2 0 0 0     5   1.00  1.33  1.33  2.00  1.67  1.00  1.00  1.67
2024 02 11    12  4 3 3 3 2 2 1 2    15  2 3 4 5 2 2 1 1    15   4.33  3.33  3.67  3.00  2.00  2.33  1.67  2.00
2024 02 12     4  1 1 2 0 1 2 1 1     2  2 1 1 0 0 0 0 0     4   1.67  1.33  2.00  0.33  0.33  0.67  0.67  0.67
2024 02 13     8  1 2 1 2 3 3 2 2    17  1 1 0 4 5 5 2 1    10   1.67  2.33  1.67  2.33  2.00  3.67  2.00  3.00
2024 02 14     6  2 3 1 1 1 2 1 2     3  2 2 1 2 1 0 0 0     7   3.33  3.00  1.33  1.33  0.67  0.67  0.67  1.67
2024 02 15     3  1 0 0 1 1 2 2 1     2  1 0 0 1 1 0 1 0     4   1.33  0.67  1.00  1.00  1.00  0.67  1.67  1.00
2024 02 16     3  1 0 0 1 2 2 0 1     1  0 0 0 1 1 1 0 0     4   1.33  0.67  0.67  1.67  2.00  1.00  0.33  1.33
2024 02 17     4  1 1 0 0 2 2 1 2     3  1 0 0 2 2 0 0 1     4   1.00  0.67  0.00  1.33  1.67  1.00  1.33  2.00
2024 02 18     4  3 1 0 2 1 0 1 0     6  2 1 1 4 2 0 0 0     6   3.33  2.00  1.00  1.67  1.00  0.00  1.00  0.33
2024 02 19     1  0 0 0 0 0 0 1 1     1  0 0 0 0 2 0 0 0     3   1.67  0.33  0.67  1.67  0.33  0.00  0.00  0.67
2024 02 20     5  1 0 2 2 2 1 2 2    12  0 0 3 4 4 4 0 1     6   1.00  0.33  2.00  1.67  1.67  1.33  1.67  3.00
2024 02 21     3 -1 0 1 1 1 2 1 1     1 -1 0 0 0 0 1 2 0     4   1.00  0.33  0.67  1.00  0.67  1.67  1.67  1.00
2024 02 22     6  2 2 2 2 2 1 1 2     3  0 1 1 2 2 1 0 0     6   2.00  2.33  2.00  2.00  1.33  0.67  1.67  1.33
2024 02 23     2  0 0 1 1 2 0 1 1     1  0 0 0 2 1 0 0 0     3   0.33  0.33  0.67  1.33  1.33  0.33  0.67  1.00
2024 02 24     6  1 0 0 1 3 2 2 3     5  0 0 0 2 4 1 1 1     7   1.00  0.67  0.67  1.67  2.33  2.67  2.33  2.67
2024 02 25    14  2 3 3 2 4 2 3 3    19  1 4 4 5 4 2 2 2    13   1.67  3.00  3.00  2.67  3.33  2.00  3.00  3.33
2024 02 26    10  3 2 3 2 3 2 2 2    13  2 1 3 4 5 1 1 0    11   3.33  3.00  2.67  2.67  2.67  1.67  1.67  2.33
2024 02 27     9  3 4 3 1 1 1 2 0     9  3 4 3 0 2 1 2 0    13   3.67  4.67  3.00  1.33  0.67  1.33  2.67  1.00
2024 02 28     5  1 1 1 2 2 2 1 1     7  0 0 1 5 1 0 1 0     6   1.67  1.33  1.67  2.33  1.33  0.67  1.33  1.33
2024 02 29     4  1 0 2 1 2 1 1 1     4  0 0 2 1 3 2 0 0     4   1.00  0.33  1.67  1.33  1.67  1.00  0.67  1.33
2024 03 01     9  3 3 3 1 2 2 1 1    11  1 2 4 4 2 2 2 0     9   3.00  3.00  3.00  1.67  1.67  2.00  2.00  1.00
2024 03 02     3  2 1 1 1 2 1 0 0     3  1 1 2 1 2 0 1 0     5   2.33  1.67  1.00  1.33  1.33  0.33  1.00  0.67
2024 03 03    20  3 0 0 2 5 5 4 3    49  0 0 0 3 7 7 6 3    29   2.67  1.00  0.67  3.33  5.33  5.00  5.67  4.00
2024 03 04     8  3 2 3 1 2 2 1 2     7  2 2 3 3 1 1 1 1    10   4.00  2.33  2.33  1.67  1.67  1.33  1.33  2.33
2024 03 05     7  2 1 2 1 3 2 2 1     7  1 0 4 3 2 1 1 0     7   2.67  1.00  2.33  1.67  1.67  1.33  2.00  1.00
2024 03 06     5  1 2 2 2 2 1 1 0    11  0 1 1 4 5 1 0 0     6   1.00  3.00  2.00  2.00  2.00  1.00  0.33  0.67
2024 03 07     8  3 2 2 2 2 2 2 2    13  2 1 2 3 4 4 2 2    12   3.00  2.00  2.33  2.67  1.67  2.67  3.33  3.00
2024 03 08     9  2 3 2 1 3 1 2 3    10  2 3 3 2 2 2 1 3    11   3.00  3.33  2.00  1.33  2.00  1.00  2.00  3.67
2024 03 09    11  3 3 3 2 2 2 3 2    13  3 2 3 5 2 1 1 1    13   4.00  3.33  2.67  2.00  2.67  1.67  2.67  1.67
2024 03 10     6  1 2 2 3 2 1 2 0     9  1 1 2 5 1 2 1 0     7   1.33  1.33  2.00  3.00  1.67  1.33  2.00  0.33
2024 03 11     4  1 1 2 2 2 1 1 0     4  0 1 2 3 2 1 0 0     4   1.00  1.00  2.33  1.67  1.00  0.67  0.33  0.67
2024 03 12     4  2 0 0 2 2 2 1 0     9  1 0 0 5 2 3 0 0     6   3.00  1.00  1.00  2.00  1.33  1.67  1.00  0.33
2024 03 13     7  0 0 3 2 3 3 1 1    20  0 0 4 5 4 5 2 0     9   1.33  0.67  3.33  2.67  2.33  3.00  2.00  1.00
2024 03 14     7  1 2 1 2 2 2 2 3     4  1 2 0 3 0 1 1 1     8   1.33  2.67  2.00  2.00  1.67  2.33  1.67  3.00
2024 03 15     8  3 2 2 2 2 2 2 1     6  1 2 3 3 1 0 1 0     8   3.67  2.33  2.00  2.00  1.00  1.00  1.00  0.67
2024 03 16     3  0 0 0 1 2 2 1 0     0  0 0 0 0 0 0 0 0     3   0.33  0.33  0.67  0.67  1.00  0.33  0.33  0.67
2024 03 17     2  0 0 0 1 2 1 1 0     0  0 0 0 0 0 0 0 0     3   0.33  0.67  0.67  1.00  0.67  0.67  0.00  0.33
2024 03 18     5  0 0 0 1 2 2 2 3     1  0 0 0 0 0 0 1 2     6   0.33  0.33  0.67  2.00  1.00  1.00  2.33  3.00
2024 03 19     7  2 1 2 3 2 1 2 2    13  2 3 4 4 3 2 1 1     9   3.00  2.33  2.67  2.67  1.67  1.00  1.67  1.67
2024 03 20     3  1 0 1 1 1 1 1 2     4  0 0 3 3 0 0 0 0     4   1.67  0.67  1.67  1.33  0.67  0.33  0.67  2.00
2024 03 21    20  3 2 3 2 5 4 4 3    45  2 2 3 4 7 6 6 2    27   3.33  2.33  3.33  2.67  5.00  5.00  4.67  4.00
2024 03 22    10  3 3 3 3 1 2 1 1     9  3 2 3 4 1 1 0 0    11   3.67  3.33  3.00  3.33  1.33  1.33  0.67  0.67
2024 03 23    25  3 5 4 4 3 4 3 4    44  2 4 7 5 4 5 4 4    36   2.67  5.00  4.67  4.00  4.00  4.00  4.67  5.67
2024 03 24    43  4 3 3 4 5 7 5 4   100  4 4 5 5 6 9 7 4    64   4.67  3.33  3.67  3.67  6.00  8.00  6.33  4.00
2024 03 25    17  4 4 3 3 4 2 2 2    21  3 3 4 4 5 3 3 1    22   4.33  5.00  3.33  3.67  4.00  3.00  2.33  1.67
2024 03 26    11  3 2 1 3 2 2 3 3     9  2 3 1 3 3 2 1 2    11   3.33  2.67  1.00  3.00  2.00  2.00  2.67  3.00
2024 03 27     7  3 1 2 2 2 2 1 2     4  2 2 2 2 1 0 0 1     7   3.00  1.33  2.00  1.67  1.33  1.00  1.00  2.00
2024 03 28     6  1 1 2 1 2 2 2 2    13  2 2 1 5 4 1 1 1     7   2.00  1.33  2.00  1.67  2.33  1.67  2.00  2.67
2024 03 29     4  1 1 1 2 2 2 1 0     6  1 0 3 3 3 1 0 0     6   2.00  2.00  1.67  2.33  1.67  1.00  0.67  0.33
2024 03 30     4  1 1 1 1 2 2 1 1     2  0 0 0 1 0 1 1 1     5   0.67  1.00  1.00  1.33  1.33  1.67  1.00  2.00
2024 03 31     8  3 2 2 2 2 2 2 2     4  2 1 2 2 0 1 0 2     6   3.67  2.00  2.33  1.67  1.33  1.33  1.33  2.33
2024 04 01     9  1 3 3 1 2 3 2 2    14  2 3 5 3 3 1 2 1    11   2.00  3.33  3.67  2.00  1.67  2.33  2.33  1.67
2024 04 02     7  0 1 1 3 3 3 1 1     9  1 1 0 5 2 1 1 1     8   1.67  1.67  1.67  3.33  2.33  2.00  1.67  1.33
2024 04 03    10  2 1 1 1 2 2 1 5     8  2 2 2 3 2 3 1 0     7   3.00  2.33  1.67  1.33  1.67  1.33  0.67  1.33
2024 04 04    33  6 3 3 3 3 4 6 3    18  0 0 2 5 5 3 2 3    12   1.67  1.33  2.67  3.00  2.67  3.00  2.33  3.67
2024 04 05    10  2 3 2 3 2 3 2 2    21  2 3 4 5 5 3 2 1    12   2.33  3.33  3.00  3.33  2.67  2.00  2.00  2.33
2024 04 06     8  3 2 3 2 2 1 1 2    12  3 2 4 3 3 1 2 1    10   3.33  2.33  3.33  2.00  2.33  1.33  1.67  2.33
2024 04 07     5  1 2 1 1 2 2 1 1     8  2 2 1 3 3 2 1 1     6   1.67  2.00  1.00  2.00  1.67  1.33  1.33  1.67
2024 04 08     8  2 3 3 1 2 2 1 1     9  2 3 4 3 1 1 0 0     8   2.67  3.33  3.00  1.67  0.67  1.33  0.67  0.67
2024 04 09    10  1 2 3 2 3 2 2 3    18  1 2 3 5 5 2 2 2    11   0.67  2.67  3.00  3.00  2.67  1.67  2.00  3.00
2024 04 10     7  2 1 2 2 3 2 2 1    11  2 1 1 4 2 4 2 1     8   3.00  1.67  2.00  2.00  2.00  2.33  2.33  1.67
2024 04 11     6  2 2 0 2 2 2 2 1     3  2 1 0 1 1 1 1 1     6   2.33  2.67  0.67  1.00  1.33  1.33  1.33  1.00
2024 04 12     6  1 2 1 2 2 2 2 2     3  1 2 1 1 0 1 1 1     7   2.33  2.67  1.67  1.67  1.00  1.00  1.33  1.67
2024 04 13     6  2 2 0 1 2 3 2 1     2  1 1 1 0 0 0 0 1     5   2.00  2.33  0.67  1.00  1.33  1.67  0.67  1.33
2024 04 14     5  1 0 2 2 2 1 2 2     3  2 0 2 1 1 0 1 1     6   2.33  1.00  2.00  2.00  1.33  1.00  1.67  1.67
2024 04 15     7  1 2 0 2 2 2 2 3     2  1 1 0 1 0 0 2 1     8   2.33  2.00  0.67  1.67  1.00  2.00  2.33  3.00
2024 04 16    17  3 1-1 4 3 3 3 4    36  3 3 5 4 4 5 6 4    31   4.00  3.33  4.33  4.33  3.33  4.00  5.00  5.00
2024 04 17     8  3 2 1 2 2 1 3 2    13  3 1 1 3 3 5 1 1     7   3.00  1.33  1.33  1.67  1.67  1.67  1.67  2.00
2024 04 18     5  2 0-1 2 1 2 1 2     1  1 0 0 1 0 0 0 1     4   1.67  0.67  0.33  1.00  0.67  1.00  0.33  2.00
2024 04 19    21  2 1 4 4 4 3 5 3    46  2 1 5 5 4 7 6 3    41   2.33  1.33  4.33  4.33  4.67  5.00  7.00  4.33
2024 04 20    10  2 2 3 3 3 2 2 2    21  2 2 4 6 3 3 2 2    12   2.67  2.00  3.33  3.33  2.33  2.33  2.00  2.67
2024 04 21    14  3 3 3 2 4 2 2 3    36  3 3 5 6 5 5 4 2    19   3.00  3.00  3.33  3.33  4.00  3.67  3.67  3.00
2024 04 22    -1  2 3 3 3 3-1-1-1    13  3 3 4 3 3 1 1 2     9   2.33  2.67  2.67  2.00  2.00  1.67  1.67  2.33
2024 04 23     9  0-1-1-1 2 3 2 3    11  2 2 2 4 4 0 2 1     8   2.00  1.00  2.33  2.00  2.00  1.67  2.67  2.33
2024 04 24     4  1 0 0 2 2 2 2 0     1  1 1 0 0 0 0 1 0     4   2.00  0.33  0.67  1.33  1.33  0.67  0.33  0.67
2024 04 25     3  0 0 0 1 2 2 1 1     0  0 0 0 0 0 0 0 0     3   0.67  0.33  0.00  1.33  1.00  1.00  0.67  1.33
2024 04 26    11  1 2 3 2 3 4 2 2    30  2 3 5 4 5 6 2 2    19   2.00  2.33  3.33  3.00  3.67  5.33  3.00  2.00
2024 04 27    12  3 3 2 1 3 3 3 2    14  3 2 2 1 5 2 3 2    12   3.00  3.00  2.00  1.33  3.33  2.67  3.00  2.67
2024 04 28     7  3 2 2 1 1 2 2 1     5  3 2 1 1 1 0 1 1     7   3.67  2.00  1.33  1.33  0.67  0.67  0.67  1.00
2024 04 29     7  1 1 2 2 2 2 3 2     7  2 1 2 3 3 1 2 0     6   2.00  1.33  2.00  1.33  1.33  1.33  2.33  1.33
2024 04 30    10  2 2 1 1 3 2 2 4     7  1 2 0 0 2 3 2 3    12   2.00  1.67  0.67  1.00  2.67  2.67  3.67  4.33
2024 05 01    10  3 3 2 1 2 2 3 2     6  3 2 2 0 1 1 2 1     8   3.67  2.33  1.67  0.67  1.00  1.33  2.67  1.67
2024 05 02    24  2 2 3 3 5 5 4 4    61  2 2 3 6 6 7 7 3    44   2.67  2.00  2.67  3.33  5.00  6.67  6.67  4.33
2024 05 03    16  3 2 1 1 2 1 6 2    10  4 3 2 3 1 0 2 1    10   4.33  3.33  1.33  1.67  1.33  1.00  1.67  2.00
2024 05 04     5  2 1 0 2 2 1 1 2     3  1 1 0 0 2 0 0 2     6   1.33  1.33  0.67  1.00  1.00  1.00  1.00  3.00
2024 05 05    12  2 1 3 3 3 2 3 3    11  2 1 2 5 0 0 2 3    12   2.00  1.33  2.33  2.33  1.67  1.67  3.33  4.33
2024 05 06    13  4 2 2 2 4 3 2 2    19  5 2 2 5 3 3 2 2    15   5.00  2.33  2.33  2.67  3.67  2.00  2.33  1.67
2024 05 07     6  1 1 1 2 3 2 2 1     8  2 2 1 3 3 2 1 2     7   2.00  2.00  1.33  2.00  2.33  2.33  1.67  1.67
2024 05 08    10  1 1 1 3 3 3 3 2     5  1 1 2 3 1 1 0 1     7   1.33  2.33  1.67  2.67  2.00  2.00  1.00  1.33
2024 05 09     7  1 1 1 2 2 3 2 2     4  1 2 0 2 1 0 2 1     7   1.00  2.00  1.00  2.33  1.33  1.33  2.33  2.33
2024 05 10    80  3 3 2 1 3 5 7 9   146  2 3 5 4 4 8 9 9   118   3.00  3.00  2.67  2.33  2.67  7.67  8.67  9.00
2024 05 11   175  9 8 7 8 7 6 6 6   208  8 6 9 9-1-1 6 5   273   9.00  8.33  8.67  9.00  8.67  8.33  7.33  7.33
2024 05 12    31  5 6 3 3 3 3 3 5    45  6 6 5 5 3 4 3 5    54   6.67  7.00  3.67  3.67  2.67  2.67  4.00  6.33
2024 05 13    24  5 5 4 3 3 3 2 3    35  5 6 5 5 3 3 3 2    30   5.67  6.00  4.00  2.67  3.33  2.67  2.67  3.00
2024 05 14     8  2 2 1 2 3 2 2 2     7  1 2 1 3 3 1 2 0     6   2.00  1.67  1.67  2.00  2.33  1.67  1.67  1.00
2024 05 15    10  1 2 3 2 3 2 3 2    10  2 2 3 3 3 2 2 2    10   1.67  2.00  2.67  2.33  2.33  1.67  3.00  2.67
2024 05 16    19  2 3 5 4 4 3 2 2    31  3 4 6 6 3 3 2 2    27   2.67  3.33  6.00  4.67  4.67  3.00  2.33  1.33
2024 05 17    16  2 2 2 2 3 4 4 4    33  2 3 2 1 4 6 6 5    29   2.00  2.67  2.00  2.00  3.33  5.00  6.00  5.33
2024 05 18    14  3 3 2 4 4 2 2 1    28  3 4 5 5-1-1-1 1    12   3.67  3.33  2.33  3.33  2.67  2.33  1.33  1.33
2024 05 19    10  1 3 0 3 3 2 3 2    13  2 2 2 4 4 3 2 1     9   1.33  2.67  1.67  2.33  3.00  2.00  2.33  1.67
2024 05 20    10  1 2 3 2 3 2 2 3     9  2 3 3 2 2 1 2 2     7   1.33  2.67  2.33  1.67  2.33  1.00  1.00  2.33
2024 05 21     8  2 1 1 2 3 3 2 1    15  2 2 1 5 4 3 2 2     9   2.00  1.67  1.33  2.67  3.00  2.67  1.67  1.67
2024 05 22     5  1 0 0 2 2 2 2 2     2  2 1 0 0 0 0 1 1     4   2.00  0.67  0.67  0.67  0.33  0.67  1.67  2.00
2024 05 23    10  1 2 2 2 3 2 2 4    21  1 2 2 4 5 5 3 3    10   1.00  2.00  1.67  2.33  2.67  2.00  2.33  4.00
2024 05 24    11  2 3 2 4 3 2 1 2    21  3 3 4 5 4 4 1 1     9   2.00  2.67  2.67  3.33  2.33  1.67  0.33  2.00
2024 05 25     6  2 1 1 1 2 2 1 3     6  2 2 2 1 1 2 2 1     6   1.67  1.67  1.33  0.67  1.33  2.00  1.33  2.67
2024 05 26    10  1 3 1 2 4 2 3 1    12  2 3 1 2 5 2 2 1    10   1.67  2.67  1.33  2.33  3.00  2.33  3.00  1.33
2024 05 27     9  1 1 2 3 3 2 2 3    15  0 2 2 6 3 1 1 1     8   1.33  1.00  2.33  3.00  2.33  1.33  1.00  2.67
2024 05 28     7  3 2 2 2 2 1 2 1     3  2 2 2 0 0 0 1 0     6   2.67  2.00  2.00  1.00  1.00  0.67  1.00  1.00
2024 05 29    10  1 1 2 2 2 4 3 2     3  0 1 1 0 1 1 2 1     6   0.67  1.33  2.00  1.67  1.33  2.00  2.33  2.00
2024 05 30    10  1 2 2 2 3 3 2 3    11  1 2 1 2 4 4 2 2     8   1.00  1.67  1.67  2.00  2.00  3.00  2.00  3.00
2024 05 31    14  3 5 2 2 3 2 2 2    18  3 5 4 3 4 2 1 1    12   2.67  4.67  2.67  1.67  2.33  2.00  1.67  1.67
2024 06 01     6  1 1 1 2 3 2 2 0     6  1 1 3 2 2 2 1 0     5   2.33  1.33  1.33  1.33  1.67  1.33  1.33  0.33
2024 06 02     5  1 0 1 2 2 1 2 2     2  0 1 0 1 1 1 1 1     5   1.00  1.00  1.00  1.33  1.33  1.00  1.67  2.33
2024 06 03    13  3 2 2 3 3 2 2 4    11  2 2 2 3 3 3 2 3    11   2.33  2.00  1.67  2.00  2.00  1.33  2.00  4.67
2024 06 04     8  2 3 3 2 3 1 1 0     6  2 3 3 2 1 0 0 0     8   2.67  3.00  2.67  2.00  1.67  1.00  0.33  0.67
2024 06 05    10  1 2 2 3 3 2 2 3     7  1 3 2 1 2 2 1 2     7   1.00  2.00  2.00  2.00  2.00  1.67  1.67  2.67
2024 06 06     7  2 2 3 2 3 1 0 1     5  1 2 3 2 2 1 0 0     6   2.00  2.00  2.67  1.67  1.67  1.00  0.33  1.00
2024 06 07    20  1 2 2 3 5 5 3 3    38  1 3 3 4 6 7 2 3    28   1.33  2.33  2.67  3.33  6.00  5.67  3.00  3.33
2024 06 08    15  4 3 3 3 3 3 2 2    18  5 4 3 3 3 3 2 1    14   4.33  3.33  3.00  2.67  2.00  3.00  1.67  1.67
2024 06 09     6  1 1 1 2 3 2 2 1     5  2 1 1 1 3 1 1 1     5   1.67  1.00  1.33  1.00  2.00  1.00  1.67  1.67
2024 06 10    11  1 1 1 2 2 4 4 2     7  1 1 1 3 0 2 3 2    11   1.67  1.00  1.33  1.33  1.00  3.67  4.33  2.00
2024 06 11    13  4 3 2 3 2 3 2 2    18  5 5 3 3 2 1 1 1    12   4.00  4.00  2.67  2.00  1.67  1.67  1.00  1.67
2024 06 12     6  1 1 1 2 3 1 2 2     8  1 1 2 2 3 4 1 0     5   1.33  0.67  1.33  1.33  1.67  1.67  1.33  1.67
2024 06 13     5  1 0 1 2 2 3 2 0     2  1 0 0 0 1 1 1 0     4   1.00  0.33  0.67  1.00  1.33  1.33  1.33  0.67
2024 06 14     8  1 1 2 3 3 1 2 2    12  0 2 4 4 3 1 2 2     6   1.00  1.33  2.00  2.00  1.33  0.67  1.67  2.33
2024 06 15    18  2 2 2 3 5 3 3 4    26  1 3 3 5 6 4 2 3    19   2.33  2.00  2.00  2.67  5.33  3.33  2.67  4.00
2024 06 16     9  3 0 0 2 3 2 3 3    17  3 1 0 4 5 2 4 2    13   3.00  1.33  0.00  3.33  3.33  2.67  4.00  2.00
2024 06 17    11  2 3 2 2 2 3 3 3    18  2 3 2 5 3 4 3 2    11   2.00  3.00  2.00  2.00  2.00  3.00  3.33  3.00
2024 06 18    11  2 3 3 2 3 3 2 1    23  2 3 4 5 5 4 2 2    10   2.00  2.67  2.67  2.67  3.00  2.67  1.67  1.67
2024 06 19    10  3 3 2 2 3 2 2 1    20  3 3 2 3 5 5 2 1    10   3.00  3.00  2.00  2.00  3.00  2.33  1.67  1.33
2024 06 20     8  2 2 1 2 3 1 2 3     8  3 2 1 2 3 1 1 2     7   2.00  1.67  1.67  1.67  2.00  1.33  2.00  2.33
2024 06 21     4  1 1 1 1 2 1 2 1     2  1 2 1 0 0 0 1 1     5   1.67  1.67  1.67  0.67  1.00  0.67  1.33  1.00
2024 06 22     6  2 1 1 2 3 2 1 1     1  1 1 0 0 0 0 0 1     4   1.67  1.00  0.67  0.67  1.33  1.00  0.67  1.67
2024 06 23    12  1 2 3 3 4 2 3 2    13  1 2 3 5 3 2 2 1    10   1.33  1.67  2.33  3.00  3.33  2.33  2.67  2.00
2024 06 24     7  2 0 0 2 3 3 2 2     2  2 1 1 0 0 1 0 1     5   1.67  1.33  0.67  1.33  1.33  1.00  1.00  2.00
2024 06 25     9  1 1 3 3 2 3 2 1    13  2 2 5 3 2 3 1 1     9   1.67  1.33  2.67  2.67  1.67  3.00  2.00  1.67
2024 06 26     8  1 1 2 3 3 2 2 1    12  1 1 2 4 4 3 2 1     9   1.67  1.67  2.67  3.00  2.67  2.33  2.33  1.67
2024 06 27    11  2 2 1 2 3 3 3 3     6  2 1 1 0 3 2 2 2     9   2.00  1.67  1.33  1.67  2.33  2.33  2.67  3.33
2024 06 28    32  3 4 3 5 6 4 4 3    36  4 4 4 6 5 4 4 4    59   4.33  4.33  3.67  6.00  7.67  5.33  5.00  3.67
2024 06 29    11  3 2 2 3 3 2 3 2    19  4 2 2 4 4 4 3 3    14   4.33  2.67  2.33  2.67  2.33  2.67  3.00  2.67
2024 06 30    10  2 3 1 2 3 3 2 2    17  3 2 2 3 4 5 2 2     6   2.67  2.67  1.67  2.33  3.00  3.33  2.00  2.00
2024 07 01     5  1 1 2 2 2 2 1 1    14  2 3 4 4 3 3 1 1     6   1.67  1.67  2.00  2.00  2.00  1.67  0.67  1.00
2024 07 02     6  1 2 1 2 3 1 1 2     4  2 2 1 0 2 0 1 1     5   1.33  1.67  1.33  1.33  1.67  0.67  1.33  1.33
2024 07 03     6  1 1 2 2 2 2 2 2     3  2 2 1 0 1 0 1 1     5   2.00  1.33  2.00  1.33  1.00  1.00  1.00  2.00
2024 07 04    10  2 3 2 2 2 2 3 3    15  2 2 2 1 4 5 3 1    10   2.00  2.33  1.67  1.33  2.00  3.00  3.00  2.67
2024 07 05    10  3 3 2 3 3 2 1 1     7  2 3 2 2 2 1 1 1     8   2.33  2.67  1.67  2.33  3.00  2.00  1.00  1.00
2024 07 06     4  1 1 1 1 2 1 1 1     2  1 1 1 0 0 0 1 1     3   1.00  1.00  0.67  0.67  0.67  0.67  0.33  1.00
2024 07 07     7  2 1 2 1 2 2 2 3     5  2 2 2 0 1 1 2 2     8   2.00  1.67  1.67  1.00  1.67  1.33  2.67  3.00
2024 07 08    11  2 2 2 3 4 2 2 2    14  3 2 2 5 3 2 2 2    10   2.33  2.33  2.00  3.00  3.33  2.00  1.67  2.00
2024 07 09     8  2 2 1 2 3 2 2 2     9  2 2 1 4 3 1 1 1     6   2.00  2.00  1.33  2.00  2.33  1.00  1.33  2.00
2024 07 10     8  2 2 2 2 2 2 3 2     5  2 2 1 2 1 1 1 1     6   2.00  1.67  1.33  1.67  1.33  1.67  1.33  2.33
2024 07 11     7  2 2 2 2 2 2 2 2     4  1 2 2 0 1 1 1 1     6   2.33  1.67  1.67  1.33  1.67  1.33  1.33  2.00
2024 07 12     7  2 2 2 2 2 1 2 2     6  2 2 3 1 1 1 1 1     5   2.33  1.67  2.00  1.33  1.00  1.00  1.00  1.00
2024 07 13     6  1 1 1 1 3 2 2 1     2  1 1 1 0 1 0 1 1     4   1.33  1.00  1.00  0.67  1.67  1.00  1.33  1.00
2024 07 14     9  1 1 1 3 3 2 3 2     2  1 0 0 1 1 0 1 1     5   1.00  1.00  1.00  2.00  1.67  0.67  1.67  2.00
2024 07 15     8  1 1 2 1 3 2 2 3     3  1 2 1 0 0 0 1 2     7   1.33  1.67  1.67  1.33  1.33  1.00  1.67  3.00
2024 07 16    12  3 2 2 2 4 3 2 2     8  3 2 2 2 1 2 2 2    10   3.33  2.00  2.33  1.67  2.00  2.67  2.33  2.33
2024 07 17     7  1 2 2 1 3 2 2 1     7  1 3 2 2 3 2 1 0     5   1.33  1.67  2.00  1.33  2.00  1.00  1.33  0.67
2024 07 18     4  0 0 1 2 2 1 2 1     4  1 1 2 1 2 1 1 0     5   1.00  1.00  1.67  1.67  1.33  1.33  1.00  1.00
2024 07 19     5  1 1 1 2 2 1 2 2     3  0 1 1 1 1 1 1 1     5   1.00  1.33  1.67  1.33  1.33  1.00  1.67  1.67
2024 07 20     8  2 2 2 2 2 2 3 2     7  2 2 2 3 1 1 2 1     7   2.33  2.00  2.00  2.00  1.33  2.00  2.33  1.33
2024 07 21     9  0 1 0 3 3 2 4 2     2  0 0 0 0 1 1 2 1     5   1.67  1.00  1.00  1.33  1.67  1.00  2.00  1.67
2024 07 22     9  2 2 2 3 3 2 2 2    16  2 2 3 5 4 3 2 1     9   2.00  1.33  2.33  3.00  2.67  1.33  2.67  2.00
2024 07 23     8  1 1 1 3 3 2 3 1     2  0 1 0 0 0 0 2 1     5   1.00  1.00  0.67  1.67  1.00  1.00  2.67  1.33
2024 07 24     8  2 2 2 2 3 2 2 2     4  1 2 1 1 2 1 1 1     6   2.00  1.67  1.67  2.00  1.67  1.33  1.33  2.00
2024 07 25     9  1 1 1 1 3 3 3 3     7  1 2 1 0 1 2 3 3     9   1.33  1.67  1.33  1.33  2.00  2.33  3.00  3.33
2024 07 26    23  3 5 4 3 4 4 3 2    38  4 5 4 5 5 6 3 2    23   3.67  4.67  4.00  3.00  3.67  4.33  3.00  2.67
2024 07 27    14  2 3 3 3 4 3 2 2    33  1 3 4 6 6 5 2 1    13   1.67  2.67  2.67  3.00  4.33  3.00  1.33  2.00
2024 07 28     8  1 1 2 3 2 1 3 2     7  1 2 2 2 3 2 2 1     7   1.67  1.33  2.00  1.67  2.00  1.33  2.67  2.00
2024 07 29     7  2 1 1 2 3 2 2 1    13  2 3 1 5 3 1 2 1     6   2.33  1.67  1.33  2.00  1.67  1.00  1.67  1.67
2024 07 30    18  4 4 3 4 3 3 2 2    35  5 5 6 5 4 3 2 2    23   4.33  5.00  4.00  4.33  3.00  3.33  1.67  2.00
2024 07 31    13  2 2 2 2 2 3 4 4    12  2 2 2 1 4 3 3 3    17   1.67  1.67  1.67  1.67  2.67  3.67  5.00  4.33
2024 08 01    22  4 5 4 3 4 3 2 2    21  5 5 4 3 3 2 2 1    22   5.00  4.67  3.67  3.00  3.33  3.00  2.67  2.00
2024 08 02     9  2 2 2 2 3 2 2 3    10  2 2 1 2 4 3 2 2     9   2.67  3.00  1.67  1.67  2.00  1.67  1.67  3.00
2024 08 03     8  1 2 1 3 3 2 2 2    18  2 3 2 4 3 5 2 3    10   1.67  2.67  1.00  2.33  2.67  2.33  2.33  3.00
2024 08 04    28  2 3 4 5 5 4 4 4    47  4 3 4 5 6 7 4 3    46   2.67  3.67  4.67  4.00  6.67  6.33  4.33  4.00
2024 08 05    10  2 3 3 2 3 2 2 2    15  2 4 3 4 4 2 1 1    10   2.33  3.00  3.33  2.33  2.33  1.67  1.67  2.00
2024 08 06     8  1 2 2 2 3 2 2 2     4  1 2 2 0 1 2 1 1     6   2.00  1.67  2.00  1.33  1.33  1.67  1.33  1.67
2024 08 07     8  1 2 2 2 3 2 2 2     7  1 3 1 3 2 1 1 1     7   1.33  2.00  1.33  2.33  2.33  1.33  1.33  2.33
2024 08 08    11  3 2 2 2 3 3 3 2     8  3 2 1 4 1 1 1 1     7   3.00  2.00  2.00  2.33  1.33  1.00  1.67  1.67
2024 08 09     9  2 2 1 3 3 2 2 2     5  2 2 1 1 2 2 1 1     7   2.33  2.33  1.33  2.00  2.00  1.67  1.33  1.67
2024 08 10     8  2 2 1 2 3 3 1 2     6  2 3 1 1 1 2 1 1     7   1.67  2.00  1.33  1.33  2.33  2.33  1.33  1.67
2024 08 11    23  2 3 4 4 4 4 4 4    21  3 3 4 3 4 4 3 4    28   2.33  2.33  4.67  4.00  4.67  4.33  4.00  4.67
2024 08 12    51  5 6 5 5 6 5 4 4    91  5 6 5 7 7 6 7 5   122   6.33  7.00  7.00  6.67  8.00  7.33  5.67  6.00
2024 08 13    12  3 3 3 2 2 1 3 3    12  4 3 2 2 1 2 3 3    17   4.67  3.33  2.33  1.67  1.67  1.33  3.33  4.33
2024 08 14    11  4 3 2 2 2 2 1 3    16  4 5 3 3 2 2 1 2    12   4.33  3.00  2.00  1.67  1.33  1.33  1.33  3.33
2024 08 15     6  2 1 0 2 3 1 2 2     3  1 1 1 0 1 1 1 2     6   2.33  1.00  0.67  1.00  2.00  0.67  1.67  2.67
2024 08 16    11  3 2 2 3 4 2 2 1    11  2 2 3 4 3 2 1 1     8   2.67  2.00  2.00  2.33  3.00  1.67  0.67  1.33
2024 08 17    24  1 0 1 3 3 6 4 5    30  2 1 1 3 3 7 4 4    31   1.33  1.00  1.33  1.67  3.33  6.67  4.67  5.33
2024 08 18    15  3 3 3 3 4 2 2 3    11  2 3 3 3 3 2 2 2    13   2.33  3.00  2.33  3.67  3.67  2.00  2.00  2.33
2024 08 19    11  1 1 1 3 4 2 3 3    11  1 2 0 1 5 3 2 2    10   1.33  1.67  1.00  2.00  3.33  2.33  3.00  3.33
2024 08 20     9  1 2 2 2 4 2 2 2    15  1 3 3 4 4 3 2 2     7   1.33  2.00  2.33  2.00  2.33  2.00  2.00  1.67
2024 08 21     8  3 1 2 2 3 2 2 1    13  2 2 3 4 4 3 1 1     8   3.33  1.67  2.33  2.00  2.33  2.00  1.67  1.33
2024 08 22    11  3 3 2 3 3 2 2 2    14  2 4 4 3 3 2 1 2    10   3.33  2.67  2.33  2.00  2.33  2.33  1.67  2.67
2024 08 23     8  2 1 2 2 3 2 2 2    10  2 2 4 1 4 0 2 1     7   2.33  1.67  2.67  1.67  2.00  1.00  1.67  1.67
2024 08 24    12  1 2 3 3 3 4 2 2    26  1 2 5 6 3 5 2 1    10   1.67  2.00  3.00  3.33  2.00  3.00  1.67  1.67
2024 08 25     8  2 2 3 2 3 2 1 1     7  2 2 4 2 0 1 1 0     7   2.33  2.33  2.67  1.67  1.33  0.67  1.00  1.67
2024 08 26     4  2 1 1 2 2 1 1 0     9  1 1 1 4 4 2 0 0     5   2.00  1.00  1.00  1.67  1.67  1.33  0.33  0.67
2024 08 27    11  0 1 3 2 3 3 3 3     8  0 0 1 2 4 3 1 2    11   1.00  1.00  2.67  2.00  2.67  2.67  2.67  3.67
2024 08 28    30  5 3 5 3 3 6 3 2    35  5 5 6 4 5 3 1 2    26   5.67  4.00  5.33  2.67  2.67  3.00  2.33  2.67
2024 08 29     5  2 1 1 1 3 1 1 1     3  1 1 1 0 1 1 1 1     5   2.00  1.33  1.33  0.67  2.00  0.67  0.33  1.33
2024 08 30    16  2 1 3 3 4 4 3 3    25  2 1 2 4 5 5 5 3    23   1.67  1.33  3.67  3.33  4.33  4.33  4.33  4.67
2024 08 31    19  4 3 4 2 3 4 3 3    41  3 4 7 2 4 6 3 3    26   4.33  4.00  4.67  2.00  3.00  4.67  4.00  3.33
2024 09 01    16  3 3 2 4 4 3 3 2    27  4 4 3 4 5 5 3 2    16   3.67  3.67  2.33  3.00  3.33  3.33  3.00  2.33
2024 09 02     7  2 1 2 2 3 2 2 1    12  3 2 2 3 3 4 2 0     8   2.33  2.00  2.00  1.67  2.00  2.67  2.00  1.33
2024 09 03    10  1 2 2 3 3 3 2 2     8  1 2 3 4 2 1 1 0     7   1.67  2.00  2.00  2.33  1.67  1.67  1.33  1.67
2024 09 04    16  1 1 2 4 5 4 2 2     9  0 1 1 3 4 3 1 1    13   1.33  1.00  2.00  4.00  4.33  3.00  1.67  2.33
2024 09 05     8  2 2 1 2 3 2 2 2     4  1 2 1 2 1 0 1 2     7   2.00  2.33  1.33  2.33  1.67  1.00  1.00  2.33
2024 09 06     8  1 0 2 3 3 2 2 2     7  1 0 2 2 4 1 1 1     8   1.33  0.67  2.00  3.00  3.00  1.00  1.33  2.00
2024 09 07     9  2 2 2 2 3 3 2 1     6  2 2 0 1 3 1 2 1     7   2.67  2.00  1.67  1.67  2.67  1.67  1.67  1.00
2024 09 08    19  2 2 1 2 3 3 6 3     5  2 2 1 1 2 1 2 1     9   2.67  2.33  1.33  2.00  2.67  2.00  2.67  2.33
2024 09 09     9  2 2 3 2 2 2 2 3     6  2 1 2 2 1 2 2 2     9   2.67  1.67  2.33  2.00  1.67  2.00  2.33  3.00
2024 09 10     7  2 1 1 2 2 2 3 1     5  2 2 1 1 2 1 2 1     7   2.67  2.00  1.67  1.67  1.33  1.00  2.67  1.67
2024 09 11     8  1 1 2 2 3 2 3 2     4  1 1 0 1 2 2 2 1     8   1.33  1.33  1.33  1.67  3.00  2.67  2.33  2.33
2024 09 12    36  1 3 4 5 6 5 5 3    51  2 4 5 5 6 4 7 4    67   2.00  4.00  5.33  5.67  7.00  6.33  6.67  4.67
2024 09 13    22  5 4 3 3 3 3 3 4    40  4 5 5 5 5 4 4 5    37   5.00  4.67  4.33  3.67  3.33  3.67  4.33  6.00
2024 09 14    22  3 3 2 5 5 3 3 3    44  3 3 3 7 7 2 3 2    21   4.00  3.67  2.67  4.33  4.33  2.33  3.00  3.33
2024 09 15    16  2 4 3 3 4 3 3 2    29  3 5 5 4 5 4 3 2    19   2.00  4.00  4.00  3.00  4.00  3.67  3.33  2.00
2024 09 16    19  3 3 4 4 4 2 2 4    43  3 4 7 6 4 3 3 4    23   3.67  4.00  4.00  4.33  4.00  2.33  1.67  4.33
2024 09 17    39  6 5 5 5 5 3 3 2    65  5 7 6 6 6 5 4 3    71   7.67  6.67  5.33  6.00  5.67  4.00  3.67  4.00
2024 09 18    10  4 2 1 2 2 2 1 3    11  3 2 2 2 4 2 1 3    12   4.00  2.33  1.67  2.00  2.00  2.00  1.00  4.00
2024 09 19    15  4 2 1 3 4 3 3 2    39  3 4 2 6 6 6 3 2    20   4.67  2.67  2.00  3.33  4.00  4.33  3.33  2.00
2024 09 20     6  1 1 0 2 2 2 2 3     6  1 1 2 3 0 1 2 2     7   1.33  1.33  1.00  1.67  2.00  1.00  1.33  3.33
2024 09 21     6  2 1 2 1 2 2 2 1     7  2 1 3 3 0 1 2 1     6   2.00  2.00  2.00  1.33  1.33  1.33  2.00  1.00
2024 09 22     3  0 0 0 1 2 2 2 1     4  1 0 0 3 1 2 1 0     5   1.33  0.67  0.33  2.00  1.33  2.00  1.67  1.00
2024 09 23     9  1 1 2 3 3 3 2 2    24  1 0 0 5 6 5 2 1    13   1.67  1.00  1.67  3.33  3.67  4.33  2.33  1.00
2024 09 24    12  3 2 2 2 2 2 3 4    27  3 3 3 5 5 5 3 3    17   3.67  2.67  2.33  3.00  2.67  2.33  3.33  4.67
2024 09 25    24  4 4 4 4 4 4 3 3    56  4 4 6 6 5 7 4 3    32   4.33  5.00  4.00  4.33  4.00  4.67  3.67  4.00
2024 09 26    11  4 3 2 2 3 2 2 0    16  3 4 3 4 4 3 1 0    13   4.33  3.67  2.33  2.33  3.00  1.67  1.67  0.67
2024 09 27     5  1 2 2 2 2 2 1 0    18  1 2 4 5 5 2 0 0     7   1.67  2.67  2.33  2.33  2.33  1.00  0.67  0.00
2024 09 28     5  0 0 1 1 2 3 2 2    13  0 0 2 4 3 5 1 1     7   0.33  0.33  1.33  2.00  2.00  3.00  1.67  2.33
2024 09 29    17  3 2 4 4 4 2 2 3    20  2 2 5 5 4 2 2 2    16   3.33  2.67  3.33  3.33  3.33  2.33  3.00  3.33
2024 09 30     9  3 1 1 1 3 3 2 2     8  4 2 1 1 1 2 2 2    54   4.33  2.00  1.33  1.00  1.67  2.00  2.67  2.67
2024 10 01     5  1 2 2 1 2 1 2 1     3  1 2 1 0 0 2 1 1     6   2.33  2.33  1.67  1.00  1.33  2.00  1.67  1.33
2024 10 02     6  2 2 1 2 2 1 2 1    -1  2 1 2 5 5 0 1-1     7   2.67  2.33  1.67  2.33  2.00  0.67  1.67  1.33
2024 10 03     8  0 1 1 2 4 2 2 2     7  0 1 1 3 3 2 2 1     8   1.33  1.67  2.00  2.00  3.00  1.67  2.33  2.00
2024 10 04     6  1 1 1 1 2 2 2 3     3  1 1 1 0 1 1 1 2     8   2.33  1.67  1.67  1.33  1.33  2.33  2.33  3.33
2024 10 05     8  1 1 2 2 3 2 3 2     4  2 0 2 1 1 1 1 1     7   2.67  1.33  2.00  1.67  2.33  1.00  2.00  1.67
2024 10 06    13  1 1 3 2 3 3 3 4     7  1 0 2 2 2 2 2 3    16   1.67  1.00  2.33  1.67  3.00  3.33  3.67  5.00
2024 10 07    33  4 4 3 5 5 4 5 4    67  4 4 4 7 7 5 6 5    55   5.33  4.67  3.33  5.33  6.33  4.00  6.33  5.33
2024 10 08    29  5 5 5 3 3 3 3 4    73  5 6 8 6 5 5 4 3    58   6.67  7.33  5.67  4.33  3.67  4.00  3.67  4.33
2024 10 09    15  3 4 4 3 3 2 2 2    34  3 4 6 5 4 5 3 3    19   4.00  4.67  4.00  3.00  3.67  2.33  2.00  2.33
2024 10 10    50  2 2 1 2 3 7 6 7   116  3 3 2 4 6 9 8 7    96   2.00  2.67  1.67  2.00  3.33  7.67  8.33  8.67
2024 10 11    68  6 7 7 5 6 4 3 3   123  5 7 9 6 8 5 3 3   116   8.00  7.67  8.00  7.33  6.67  4.33  3.33  3.33
2024 10 12    16  3 1 3 4 4 2 4 2    33  4 2 2 7 5 3 3 2    20   3.67  2.00  2.67  5.00  4.00  2.67  3.67  2.67
2024 10 13     3  1 1 0 2 2 1 2 0     4  1 0 0 2 3 1 1 1     5   1.67  1.33  1.00  2.00  1.67  1.00  2.00  1.00
2024 10 14     6  1 1 1 1 2 1 2 3     6  1 0 3 2 2 1 1 2     8   1.00  1.00  2.00  1.33  1.33  1.00  2.33  3.67
2024 10 15     9  2 2 2 2 4 2 2 1    27  2 2 6 4 5 4 3 2    15   3.33  2.67  4.00  2.67  3.33  3.00  2.33  2.33
2024 10 16    11  2 2 3 2 3 3 3 2    31  1 2 6 5 5 5 2 2    15   2.33  3.00  3.33  3.00  3.00  3.33  3.33  3.00
2024 10 17     7  3 2 2 2 2 1 1 1    10  2 4 4 1 1 2 1 1     9   3.33  3.00  2.00  1.67  1.00  1.33  1.67  2.00
2024 10 18    10  2 3 1 2 3 2 2 3    19  2 2 1 4 5 4 3 3    14   3.33  2.67  1.33  2.00  3.00  3.00  3.00  4.00
2024 10 19    15  3 3 3 3 4 2 2 3    36  5 4 6 5 5 3 3 2    23   4.67  4.33  3.67  3.00  3.33  2.33  3.67  4.00
2024 10 20     6  2 2 2 1 2 2 1 2     6  2 2 2 3 2 1 0 0     7   3.00  2.33  2.00  1.33  1.33  1.00  1.00  1.67
2024 10 21     3  0 0 1 1 2 1 1 1     3  0 0 2 2 0 2 1 0     5   0.67  0.33  1.67  2.00  1.00  1.67  1.33  2.00
2024 10 22     7  2 2 2 2 2 2 1 2    25  1 2 5 5 4 5 3 2     8   1.67  2.33  2.33  2.67  2.00  2.33  1.67  2.00
2024 10 23     7  1 2 1 2 3 2 2 1    15  1 1 1 5 5 1 2 1     9   1.67  2.67  1.67  3.00  2.67  1.33  2.00  1.67
2024 10 24    10  2 4 3 1 2 2 2 1    11  1 4 3 3 3 2 1 0    13   3.00  4.33  3.67  2.00  1.00  2.00  2.00  1.67
2024 10 25     2  1 0 0 0 1 2 1 0     1  1 0 0 0 0 0 0 1     3   1.67  0.67  0.67  0.67  0.33  0.67  0.67  1.00
2024 10 26    11  1 1 1 2 3 3 3 4     9  0 0 0 2 4 3 3 2    14   1.67  1.00  1.67  1.67  2.67  3.33  4.00  4.33
2024 10 27     8  3 1 1 2 2 3 2 2    14  1 2 2 4 3 4 3 2    10   3.00  2.00  1.00  2.67  2.00  2.67  2.67  2.67
2024 10 28    11  2 4 3 2 3 2 1 2    30  2 3 5 4 6 5 2 2    17   3.00  4.67  4.00  2.67  3.00  2.67  2.00  2.33
2024 10 29    10  2 1 2 2 3 3 3 2    14  3 2 4 3 3 2 3 2    12   3.33  2.00  2.33  2.00  2.00  2.67  3.67  2.67
2024 10 30    10  3 2 3 3 3 2 1 1    18  3 3 3 4 5 3 2 1    15   4.00  3.00  3.33  4.00  3.00  2.33  1.67  1.33
2024 10 31     8  1 1 1 1 3 2 3 3     4  1 0 1 1 1 1 2 2     9   1.33  1.00  1.33  1.67  1.67  2.00  3.33  3.67
2024 11 01     6  2 1 1 1 3 2 2 0    14  2 1 1 5 5 0 1 0     7   3.00  1.33  1.33  2.33  2.67  0.67  1.33  0.33
2024 11 02     9  0 1 1 3 3 3 3 2    22  0 0 2 5 5 5 2 3    13   0.67  1.00  1.67  4.00  3.67  2.67  3.00  3.33
2024 11 03     8  2 0 1 1 2 3 3 3     6  2 1 0 0 0 2 3 3    11   2.67  1.00  1.00  1.33  0.67  3.33  3.33  4.00
2024 11 04    11  3 4 2 2 3 1 1 2    20  3 3 5 5 3 3 1 1    14   4.00  4.33  2.67  2.33  2.33  1.67  1.00  2.67
2024 11 05    10  2 1 3 2 3 3 2 2    19  1 0 4 5 5 3 2 2    11   2.67  1.67  3.00  2.67  2.67  2.67  2.33  2.67
2024 11 06     9  3 3 2 2 3 2 1 1    24  3 2 6 5 4 2 1 1    10   3.33  3.33  2.33  2.00  2.33  2.00  2.00  1.67
2024 11 07     7  1 1 2 2 1 3 2 2    11  1 1 3 5 2 2 1 1     9   1.33  1.00  2.00  2.33  0.67  3.00  2.67  3.00
2024 11 08     7  1 0 2 1 2 1 3 3     7  1 1 1 3 2 0 3 2    11   2.33  1.00  1.33  1.67  2.00  1.33  4.00  3.67
2024 11 09    24  4 3 3 5 4 4 3 3    48  2 3 4 6 6 6 6 3    32   4.00  4.00  3.67  5.00  5.00  4.33  4.33  3.67
2024 11 10    15  4 3 2 1 4 3 3 2    35  4 2 3 5 6 5 5 2    25   4.00  4.00  2.33  2.33  4.33  4.00  5.33  3.00
2024 11 11     7  2 1 3 2 2 2 1 1    23  1 1 6 5 4 3 2 1    10   2.33  2.00  3.67  2.67  2.00  2.67  1.67  1.33
2024 11 12     4  2 1 2 1 2 1 1 0     5  0 1 3 1 1 3 1 0     5   2.00  1.33  2.00  1.00  1.33  1.67  1.00  0.67
2024 11 13     5  2 2 0 0 3 1 1 1    13  1 1 0 4 5 3 2 1     7   3.00  2.33  0.33  1.33  2.67  1.33  1.67  1.00
2024 11 14    10  0 3 2 1 3 2 2 4    14  0 2 1 3 4 4 3 3    11   1.00  3.33  1.33  1.33  2.00  2.67  3.33  3.67
2024 11 15    10  3 3 3 2 2 2 2 2    22  2 3 4 4 4 5 3 2    13   3.00  3.67  2.67  2.33  2.67  2.67  2.67  2.33
2024 11 16     8  3 3 3 2 2 1 0 1     9  3 2 4 3 2 1 0 0     8   3.67  2.67  2.67  2.00  1.67  0.67  0.33  0.67
2024 11 17     6  0 3 2 2 2 1 1 1    14  0 1 2 5 5 1 1 0     8   1.00  3.00  2.00  2.33  2.67  1.00  1.33  1.33
2024 11 18     3  1 2 0 0 2 2 0 1     2  0 1 0 1 1 2 0 0     4   1.00  2.00  0.33  0.67  1.00  1.33  1.00  1.33
2024 11 19     6  0 1 2 2 3 2 2 1    21  0 0 2 3 6 5 3 1     9   1.00  1.00  1.67  2.00  3.00  3.00  2.67  1.33
2024 11 20     8  0 3 3 2 2 2 1 2    11  0 2 4 4 3 2 1 0     9   1.00  3.00  3.00  2.67  1.67  1.67  1.00  1.67
2024 11 21     5  0-1-1-1-1-1 2 2     7  0 1 3 3 1 1 1 3     8   0.67  1.33  1.67  1.67  1.00  1.67  3.00  3.00
2024 11 22    10  1 1 1 2 3 4 2 3    19  2 1 0 3 5 5 3 3    12   2.33  2.00  0.67  1.67  3.00  3.67  2.67  3.33
2024 11 23     7  2 1 1 1 3 2 3 1    11  1 1 2 4 4 2 2 1     8   2.00  1.67  1.67  1.67  3.00  1.67  2.33  1.67
2024 11 24     7  1 1 2 1 2 2 2 3     3  0 1 0 0 0 1 2 2     7   1.67  1.67  1.67  1.00  0.67  1.67  1.67  3.67
2024 11 25     9  2 2 2 2 3 3 1 2    17  3 2 1 5 4 4 1 1    11   3.33  2.33  2.00  2.33  2.67  3.00  2.33  2.33
2024 11 26     6  3 2 0 1 2 2 1 2     2  1 1 0 1 2 1 0 0     7   3.33  2.33  1.00  1.33  1.00  0.67  1.00  2.00
2024 11 27     3  0 0 1 1 1 2 1 1     2  0 0 0 2 1 0 0 1     5   1.00  0.67  1.67  2.00  0.67  1.00  1.00  2.33
2024 11 28     3  1 1 0 1 1 2 1 0     1  1 1 0 0 0 0 1 0     4   2.00  1.00  0.67  1.00  0.67  0.67  1.00  0.33
2024 11 29     6  1 2 1 2 2 2 2 2    -1  0 1 0 4 1 1-1-1     8   1.67  2.33  1.67  2.33  2.00  1.33  2.67  2.67
2024 11 30     9  4 2 2 1 2 2 1 2     5  3 3 2 0 1 0 0 1    11   4.67  3.33  2.33  0.67  1.00  0.67  1.00  2.33
2024 12 01     6  1 1 2 2 2 2 2 2     5  0 0 2 4 0 0 1 1     7   1.33  1.00  2.33  1.33  1.00  1.67  2.33  3.00
2024 12 02     6  2 2 1 0 2 2 2 2     2  0 0 0 0 2 0 1 1     6   2.33  2.00  1.00  0.67  1.33  0.67  1.67  2.00
2024 12 03    10  3 2 3 2 2 3 2 2    21  2 2 5 5 3 3 4 1    13   3.67  3.00  2.33  2.00  2.00  3.00  3.33  2.00
2024 12 04     5  1 1 1 1 2 2 2 2     8  1 0 1 4 3 1 1 2     7   1.67  1.33  1.33  2.00  2.00  1.67  2.33  2.00
2024 12 05     5  2 2 1 1 1 2 1 1     3  1 1 0 3 1 0 0 0     5   2.33  2.33  1.33  1.33  0.67  1.00  1.00  1.00
2024 12 06     4  1 2 1 1 1 2 1 1     2  0 1 2 1 0 1 1 0     5   1.67  2.67  1.33  1.00  0.67  1.33  1.00  1.00
2024 12 07     5  1 1 1 1 2 2 2 2     7  0 1 1 4 3 0 1 1     6   1.33  1.67  1.00  2.00  1.33  1.33  2.00  1.67
2024 12 08     4  0 1 1 0 3 2 2 0    14  0 0 3 3 5 4 2 0     7   0.67  1.67  1.33  1.67  2.67  2.00  2.33  1.33
2024 12 09    12  3 2 2 2 3 3 3 3    39  2 2 4 5 5 7 4 2    16   4.00  3.00  2.33  2.67  2.67  3.33  3.00  3.67
2024 12 10     7  2 2 2 2 2 2 1 2    13  2 2 3 5 3 2 2 0     8   3.00  2.33  2.33  2.33  1.33  1.67  1.67  2.00
2024 12 11     4  1 1 2 1 1 2 1 0    15  1 1 5 4 4 2 0 1     6   2.00  2.33  2.00  1.00  1.00  1.33  1.00  1.33
2024 12 12     4  2 1 0 1 1 2 2 1     2  0 1 1 1 1 1 0 0     6   2.67  2.00  1.00  1.00  0.67  1.33  1.67  0.67
2024 12 13     2  0 0 1 1 1 2 0 1     5  0 0 1 3 2 3 0 0     4   0.33  0.33  1.67  1.67  1.00  1.67  0.67  0.67
2024 12 14     8  1 1 1 3 2 3 2 2    23  0 0 2 5 4 5 5 1    10   1.00  1.33  1.33  2.67  1.33  3.33  3.00  3.33
2024 12 15     9  2 2 1 3 3 2 2 2    19  0 2 2 5 5 4 2 2    12   3.00  3.00  2.00  2.67  3.33  2.00  2.67  2.33
2024 12 16    11  1 3 3 3 1 2 3 3    30  0 2 6 6 4 3 4 2    14   1.33  3.00  3.00  3.00  1.67  2.67  3.67  3.67
2024 12 17    20  3 4 4 4 3 4 2 3    31  3 6 5 4 4 4 3 2    29   4.00  5.33  4.67  4.00  3.67  4.33  2.33  3.33
2024 12 18    12  3 1 2 3 2 4 3 1    18  3 1 2 4 4 4 4 2    15   3.67  2.00  2.67  3.33  2.67  3.33  4.00  1.33
2024 12 19     9  4 2 1 1 2 3 1 2     8  3 2 1 2 3 2 1 2    11   4.00  3.00  1.67  1.33  2.00  2.00  2.00  2.67
2024 12 20    10  3 2 1 1 3 2 3 3    12  3 2 0 2 4 3 3 2    13   3.67  3.00  1.33  1.67  3.00  3.00  3.33  2.33
2024 12 21    13  3 3 1 3 3 2 3 3    11  2 2 2 3 3 3 3 2    16   3.33  3.33  2.00  3.00  2.67  3.00  3.67  3.33
2024 12 22    15  2 1 2 3 4 4 3 3    23  2 1 2 5 5 4 4 3    14   2.33  2.33  2.33  3.00  3.33  3.00  3.00  3.33
2024 12 23    11  3 1 2 1 2 4 2 3    13  3 1 1 1 4 4 2 3    12   3.67  2.00  2.00  1.00  2.33  3.33  2.67  3.33
2024 12 24     9  2 2 1 1 3 3 2 3    16  2 2 1 0 5 5 2 2    12   2.67  2.67  2.00  1.00  2.67  3.00  2.33  3.67
2024 12 25     5  2 1 1 2 2 2 1 0     3  1 2 2 2 1 0 0 0     5   2.33  2.00  1.67  2.00  1.33  0.67  1.00  0.33
2024 12 26     3  0 0 1 0 2 2 1 1     0  0 0 0 0 0 0 0 0     3   0.33  0.33  0.67  0.67  0.67  0.67  0.67  0.67
2024 12 27     3  1 0 0 0 2 2 1 0     1  0 0 0 2 1 0 0 0     4   1.00  0.33  0.67  0.67  1.00  1.33  1.33  0.67
2024 12 28     4  0 0 1 1 2 3 2 0     2  0 0 1 2 0 0 1 0     4   0.67  0.67  1.33  1.67  0.67  1.33  1.67  0.67
2024 12 29     5  1 0 1 2 2 2 2 1     5  0 0 3 3 1 0 0 1     5   1.33  0.67  1.33  2.00  1.67  1.33  1.00  1.33
2024 12 30     7  1 1 2 1 2 3 2 2     9  0 0 4 2 4 1 1 1     7   1.00  2.00  2.67  1.67  1.67  1.67  2.00  2.33
2024 12 31    -1  0 1 2 1 2 4 3-1    -1  0 0 5 3 1 4 3-1    11   0.33  0.67  2.33  1.33  1.00  4.33  4.00 -1.00
