1 0.373046875 0.3828125 0.15234375 0.1328125
1 0.59375 0.625 0.0546875 0.078125
1 0.650390625 0.662109375 0.05078125 0.05078125
1 0.232421875 0.41796875 0.10546875 0.1328125
1 0.57421875 0.33984375 0.09375 0.0703125
1 0.6640625 0.349609375 0.0703125 0.08203125
0 0.4765625 0.76953125 0.109375 0.078125
0 0.43359375 0.5 0.0625 0.0703125
0 0.306640625 0.482421875 0.08984375 0.06640625
0 0.396484375 0.220703125 0.05078125 0.05859375
0 0.470703125 0.306640625 0.09765625 0.11328125
0 0.6328125 0.267578125 0.125 0.06640625
0 0.642578125 0.404296875 0.08203125 0.07421875
0 0.57421875 0.140625 0.1015625 0.0703125