1 0.34765625 0.38671875 0.140625 0.140625
1 0.529296875 0.326171875 0.07421875 0.08203125
1 0.203125 0.41015625 0.0703125 0.1328125
1 0.642578125 0.353515625 0.07421875 0.10546875
1 0.556640625 0.615234375 0.08203125 0.05859375
1 0.611328125 0.654296875 0.06640625 0.06640625
0 0.427734375 0.765625 0.09765625 0.0703125
0 0.392578125 0.486328125 0.07421875 0.05859375
0 0.599609375 0.248046875 0.09765625 0.08203125
0 0.255859375 0.46875 0.08203125 0.0625
0 0.404296875 0.228515625 0.07421875 0.07421875
0 0.53515625 0.5546875 0.0625 0.046875