1 0.72265625 0.421875 0.140625 0.1171875
1 0.34765625 0.341796875 0.1171875 0.09765625
1 0.173828125 0.390625 0.04296875 0.109375
1 0.31640625 0.6328125 0.109375 0.0859375
1 0.38671875 0.7578125 0.09375 0.09375
0 0.7734375 0.5234375 0.125 0.0859375
0 0.79296875 0.33984375 0.0546875 0.0703125
0 0.515625 0.13671875 0.1015625 0.0625
0 0.23046875 0.515625 0.0859375 0.078125
0 0.68359375 0.27734375 0.09375 0.078125
0 0.587890625 0.65625 0.12890625 0.0703125
0 0.412109375 0.453125 0.08984375 0.0625
0 0.591796875 0.34765625 0.05078125 0.0859375