1 0.615234375 0.6171875 0.05078125 0.0703125
1 0.669921875 0.66015625 0.07421875 0.078125
1 0.73046875 0.61328125 0.0546875 0.046875
1 0.2421875 0.4375 0.1015625 0.0859375
1 0.228515625 0.34765625 0.04296875 0.046875
1 0.431640625 0.384765625 0.17578125 0.09765625
1 0.583984375 0.330078125 0.07421875 0.06640625
1 0.69140625 0.357421875 0.09375 0.10546875
1 0.64453125 0.7421875 0.15625 0.078125
0 0.466796875 0.193359375 0.26953125 0.05078125
0 0.7734375 0.33203125 0.109375 0.0703125
0 0.228515625 0.306640625 0.08203125 0.05859375
0 0.1953125 0.38671875 0.078125 0.0546875
0 0.22265625 0.599609375 0.1171875 0.07421875
0 0.30078125 0.5703125 0.0859375 0.046875
0 0.587890625 0.525390625 0.09765625 0.08984375
0 0.701171875 0.494140625 0.08203125 0.05859375
0 0.482421875 0.7734375 0.09765625 0.09375
0 0.375 0.701171875 0.09375 0.05859375