1 0.400390625 0.36328125 0.16796875 0.140625
1 0.5390625 0.412109375 0.078125 0.08203125
1 0.615234375 0.330078125 0.11328125 0.09765625
1 0.7109375 0.33984375 0.0546875 0.0859375
1 0.634765625 0.625 0.08984375 0.078125
1 0.693359375 0.666015625 0.06640625 0.07421875
1 0.271484375 0.431640625 0.09765625 0.14453125
1 0.744140625 0.626953125 0.07421875 0.05859375
1 0.671875 0.748046875 0.1328125 0.06640625
1 0.513671875 0.142578125 0.16796875 0.05859375
0 0.5078125 0.17578125 0.21875 0.046875
0 0.6640625 0.24609375 0.09375 0.078125
0 0.798828125 0.34375 0.08203125 0.046875
0 0.623046875 0.53515625 0.08203125 0.1015625
0 0.49609375 0.78125 0.140625 0.078125
0 0.251953125 0.3046875 0.08203125 0.0390625
0 0.345703125 0.20703125 0.05078125 0.0859375
0 0.201171875 0.376953125 0.04296875 0.05859375
0 0.197265625 0.6171875 0.06640625 0.0859375
0 0.37890625 0.703125 0.0625 0.0546875
0 0.3515625 0.572265625 0.0625 0.04296875
0 0.478515625 0.6875 0.05859375 0.046875