1 0.296875 0.376953125 0.109375 0.10546875
1 0.4140625 0.423828125 0.109375 0.08203125
1 0.8515625 0.400390625 0.0390625 0.09765625
1 0.51171875 0.328125 0.0859375 0.078125
1 0.626953125 0.353515625 0.07421875 0.08984375
1 0.50390625 0.611328125 0.078125 0.08203125
1 0.607421875 0.65625 0.09765625 0.0703125
0 0.4375 0.333984375 0.0546875 0.08984375
0 0.580078125 0.263671875 0.14453125 0.11328125
0 0.36328125 0.197265625 0.0625 0.08203125
0 0.453125 0.203125 0.0703125 0.0625
0 0.75390625 0.515625 0.0546875 0.21875
0 0.625 0.564453125 0.0859375 0.08984375
0 0.21484375 0.4921875 0.078125 0.125
0 0.3671875 0.5078125 0.078125 0.0859375
0 0.38671875 0.626953125 0.0703125 0.09765625
0 0.40234375 0.775390625 0.0859375 0.05859375
0 0.24609375 0.28515625 0.1015625 0.0703125