0 0.611328125 0.548828125 0.05859375 0.09765625
0 0.4921875 0.765625 0.125 0.078125
0 0.3984375 0.69140625 0.0703125 0.046875
0 0.79296875 0.349609375 0.09375 0.04296875
0 0.673828125 0.259765625 0.09765625 0.08203125
0 0.4765625 0.177734375 0.2421875 0.06640625
0 0.224609375 0.306640625 0.07421875 0.06640625
0 0.203125 0.37890625 0.0546875 0.046875
0 0.30859375 0.560546875 0.1015625 0.03515625
0 0.185546875 0.625 0.04296875 0.046875
0 0.44140625 0.2890625 0.046875 0.078125
0 0.5234375 0.34375 0.0859375 0.0625
0 0.728515625 0.703125 0.05859375 0.046875
1 0.384765625 0.361328125 0.15234375 0.14453125
1 0.53125 0.416015625 0.1015625 0.07421875
1 0.59375 0.3203125 0.1328125 0.125
1 0.2734375 0.453125 0.09375 0.109375
1 0.65625 0.642578125 0.1171875 0.11328125
1 0.615234375 0.73828125 0.16015625 0.1328125
1 0.83984375 0.619140625 0.0390625 0.06640625