1 0.513671875 0.384765625 0.15234375 0.12890625
1 0.28125 0.349609375 0.0546875 0.06640625
1 0.31640625 0.4375 0.109375 0.078125
1 0.1796875 0.46875 0.09375 0.0859375
1 0.2109375 0.3359375 0.046875 0.0625
1 0.171875 0.59765625 0.0625 0.109375
1 0.71875 0.361328125 0.15625 0.11328125
1 0.748046875 0.640625 0.15234375 0.109375
0 0.810546875 0.34375 0.08203125 0.0703125
0 0.5078125 0.181640625 0.21875 0.07421875
0 0.267578125 0.29296875 0.07421875 0.0546875
0 0.26171875 0.603515625 0.109375 0.11328125
0 0.392578125 0.572265625 0.10546875 0.06640625
0 0.6796875 0.525390625 0.0859375 0.10546875
0 0.357421875 0.77734375 0.14453125 0.0390625
0 0.48046875 0.685546875 0.1171875 0.03515625
0 0.55078125 0.77734375 0.15625 0.0546875