1 0.5234375 0.376953125 0.15625 0.12109375
1 0.63671875 0.400390625 0.0859375 0.07421875
1 0.68359375 0.31640625 0.09375 0.078125
1 0.767578125 0.333984375 0.05859375 0.07421875
1 0.314453125 0.349609375 0.06640625 0.06640625
1 0.34765625 0.431640625 0.0859375 0.07421875
1 0.7734375 0.630859375 0.1015625 0.07421875
0 0.607421875 0.29296875 0.05078125 0.078125
0 0.56640625 0.765625 0.1484375 0.046875
0 0.283203125 0.47265625 0.07421875 0.0625
0 0.478515625 0.19140625 0.08203125 0.078125
0 0.4296875 0.28515625 0.09375 0.1015625
0 0.470703125 0.48046875 0.07421875 0.0703125
0 0.5703125 0.4765625 0.078125 0.0390625
0 0.28125 0.302734375 0.0703125 0.03515625
0 0.736328125 0.544921875 0.06640625 0.05078125
0 0.70703125 0.427734375 0.0625 0.08203125
1 0.19921875 0.626953125 0.0859375 0.09765625