1 0.416015625 0.486328125 0.10546875 0.09765625
1 0.5078125 0.3515625 0.09375 0.0859375
1 0.318359375 0.294921875 0.07421875 0.08203125
1 0.681640625 0.3515625 0.10546875 0.1328125
1 0.771484375 0.388671875 0.08203125 0.07421875
1 0.591796875 0.455078125 0.07421875 0.09765625
1 0.365234375 0.638671875 0.08203125 0.14453125
1 0.61328125 0.626953125 0.046875 0.03515625
1 0.61328125 0.69140625 0.140625 0.0625
0 0.712890625 0.44921875 0.05078125 0.046875
0 0.7734375 0.30859375 0.0625 0.0859375
0 0.5703125 0.255859375 0.078125 0.08203125
0 0.4296875 0.314453125 0.1015625 0.07421875
0 0.4765625 0.1875 0.296875 0.0390625
0 0.326171875 0.40625 0.08203125 0.0859375
0 0.779296875 0.486328125 0.05078125 0.03515625
0 0.79296875 0.609375 0.03125 0.1953125
0 0.673828125 0.568359375 0.06640625 0.10546875
0 0.494140625 0.6328125 0.08984375 0.109375
0 0.4609375 0.779296875 0.203125 0.06640625
0 0.716796875 0.771484375 0.06640625 0.04296875
0 0.26171875 0.50390625 0.09375 0.109375
0 0.23828125 0.689453125 0.109375 0.03515625
0 0.51171875 0.470703125 0.0703125 0.08203125