1 0.359375 0.3359375 0.078125 0.0703125
1 0.46875 0.353515625 0.0859375 0.06640625
1 0.224609375 0.390625 0.15234375 0.0859375
1 0.322265625 0.623046875 0.10546875 0.08984375
1 0.7890625 0.412109375 0.078125 0.08984375
1 0.451171875 0.75390625 0.10546875 0.046875
0 0.4765625 0.26171875 0.109375 0.09375
0 0.33984375 0.43359375 0.046875 0.0703125
0 0.40234375 0.41015625 0.0703125 0.0703125
0 0.6484375 0.423828125 0.09375 0.08203125
0 0.814453125 0.50390625 0.05078125 0.0703125
0 0.3984375 0.548828125 0.140625 0.05078125
0 0.5546875 0.515625 0.0390625 0.1796875
0 0.205078125 0.55859375 0.05859375 0.203125
0 0.611328125 0.80859375 0.16015625 0.03125
0 0.2578125 0.3203125 0.0859375 0.09375