1 0.380859375 0.3671875 0.16015625 0.15625
1 0.515625 0.408203125 0.09375 0.07421875
1 0.5703125 0.328125 0.078125 0.0703125
1 0.6796875 0.35546875 0.1015625 0.09375
1 0.234375 0.419921875 0.078125 0.11328125
1 0.640625 0.64453125 0.1171875 0.0859375
0 0.458984375 0.76171875 0.10546875 0.0703125
0 0.314453125 0.48046875 0.06640625 0.0546875
0 0.4375 0.505859375 0.078125 0.06640625
0 0.419921875 0.220703125 0.09765625 0.08984375
0 0.6328125 0.2734375 0.0859375 0.0625
0 0.5 0.326171875 0.0625 0.07421875
0 0.58984375 0.572265625 0.0625 0.06640625
0 0.802734375 0.51953125 0.05859375 0.078125