1 0.6171875 0.34375 0.046875 0.0625
1 0.8046875 0.36328125 0.1171875 0.0859375
1 0.560546875 0.482421875 0.07421875 0.05078125
1 0.521484375 0.62890625 0.08203125 0.0625
1 0.48828125 0.703125 0.078125 0.0390625
0 0.615234375 0.6640625 0.10546875 0.078125
0 0.794921875 0.474609375 0.06640625 0.08984375
0 0.638671875 0.466796875 0.06640625 0.08203125
0 0.6640625 0.263671875 0.1171875 0.06640625
0 0.53125 0.296875 0.09375 0.078125
0 0.501953125 0.1875 0.06640625 0.0546875
0 0.447265625 0.650390625 0.05859375 0.02734375
0 0.501953125 0.767578125 0.12109375 0.05859375
0 0.29296875 0.712890625 0.1015625 0.08203125