1 0.765625 0.34765625 0.078125 0.078125
1 0.595703125 0.3515625 0.05859375 0.078125
1 0.533203125 0.490234375 0.08203125 0.07421875
1 0.697265625 0.439453125 0.08203125 0.06640625
1 0.49609375 0.646484375 0.0703125 0.06640625
0 0.767578125 0.490234375 0.03515625 0.10546875
0 0.662109375 0.26171875 0.07421875 0.0625
0 0.509765625 0.306640625 0.08203125 0.05859375
0 0.392578125 0.490234375 0.06640625 0.05078125
0 0.513671875 0.78125 0.13671875 0.0546875
0 0.28515625 0.720703125 0.09375 0.08203125
0 0.59765625 0.68359375 0.0703125 0.078125
0 0.546875 0.234375 0.0625 0.0625
0 0.755859375 0.69140625 0.05078125 0.046875
0 0.416015625 0.62890625 0.05859375 0.0703125