1 0.650390625 0.3359375 0.10546875 0.1484375
1 0.744140625 0.40625 0.06640625 0.0859375
1 0.46484375 0.349609375 0.0859375 0.09765625
1 0.375 0.4609375 0.1171875 0.109375
1 0.27734375 0.291015625 0.078125 0.07421875
1 0.369140625 0.361328125 0.05859375 0.06640625
1 0.33984375 0.6484375 0.078125 0.109375
1 0.85546875 0.603515625 0.0390625 0.05078125
1 0.537109375 0.447265625 0.07421875 0.08203125
0 0.6640625 0.451171875 0.046875 0.05859375
0 0.37890625 0.287109375 0.09375 0.07421875
0 0.4375 0.1796875 0.21875 0.0390625
0 0.54296875 0.2734375 0.1015625 0.0859375
0 0.728515625 0.3125 0.05859375 0.078125
0 0.29296875 0.392578125 0.09375 0.04296875
0 0.3046875 0.44921875 0.0546875 0.0234375
0 0.384765625 0.568359375 0.05859375 0.08203125
0 0.22265625 0.498046875 0.078125 0.10546875
0 0.44140625 0.654296875 0.109375 0.02734375
0 0.232421875 0.6953125 0.05859375 0.03125
0 0.748046875 0.60546875 0.02734375 0.1484375
0 0.853515625 0.55078125 0.03515625 0.0625
0 0.705078125 0.763671875 0.07421875 0.04296875
0 0.67578125 0.6875 0.046875 0.0546875
0 0.6328125 0.576171875 0.0546875 0.05859375
0 0.470703125 0.77734375 0.26953125 0.0546875
0 0.55859375 0.724609375 0.078125 0.03515625
0 0.533203125 0.638671875 0.02734375 0.04296875
0 0.470703125 0.474609375 0.04296875 0.03515625
0 0.7421875 0.490234375 0.03125 0.02734375
0 0.798828125 0.556640625 0.02734375 0.04296875