1 0.515625 0.34765625 0.109375 0.0859375
1 0.67578125 0.349609375 0.109375 0.12109375
1 0.783203125 0.400390625 0.07421875 0.06640625
1 0.423828125 0.4921875 0.08203125 0.1015625
1 0.3125 0.29296875 0.0546875 0.0625
1 0.400390625 0.63671875 0.12109375 0.046875
1 0.31640625 0.71875 0.0546875 0.046875
0 0.5234375 0.50390625 0.0546875 0.09375
0 0.447265625 0.41796875 0.08984375 0.0703125
0 0.669921875 0.46875 0.08203125 0.09375
0 0.78125 0.47265625 0.0859375 0.0546875
0 0.7734375 0.330078125 0.078125 0.08203125
0 0.552734375 0.263671875 0.15234375 0.07421875
0 0.443359375 0.298828125 0.08984375 0.07421875
0 0.3125 0.388671875 0.09375 0.05859375
0 0.2578125 0.53125 0.0703125 0.1640625
0 0.486328125 0.6328125 0.06640625 0.125
0 0.775390625 0.646484375 0.04296875 0.08203125
0 0.46875 0.775390625 0.2109375 0.06640625
0 0.64453125 0.58203125 0.0625 0.0546875
0 0.724609375 0.765625 0.07421875 0.046875
0 0.322265625 0.642578125 0.02734375 0.06640625