1 0.50390625 0.37109375 0.15625 0.171875
1 0.73828125 0.330078125 0.125 0.09765625
1 0.28515625 0.35546875 0.0546875 0.0703125
1 0.34765625 0.423828125 0.1015625 0.08203125
1 0.189453125 0.466796875 0.09765625 0.07421875
1 0.21875 0.328125 0.046875 0.046875
1 0.71875 0.60546875 0.0546875 0.0546875
1 0.76953125 0.623046875 0.0703125 0.11328125
1 0.173828125 0.599609375 0.08203125 0.06640625
1 0.17578125 0.67578125 0.0546875 0.0390625
1 0.73828125 0.73046875 0.09375 0.0859375
0 0.47265625 0.189453125 0.1640625 0.08203125
0 0.28515625 0.28125 0.109375 0.0546875
0 0.830078125 0.349609375 0.06640625 0.05078125
0 0.705078125 0.50390625 0.11328125 0.140625
0 0.8046875 0.435546875 0.046875 0.05859375
0 0.7890625 0.5078125 0.046875 0.0625
0 0.56640625 0.771484375 0.1328125 0.05859375
0 0.234375 0.38671875 0.1015625 0.0546875
0 0.255859375 0.564453125 0.05859375 0.20703125
0 0.37890625 0.548828125 0.078125 0.08984375
0 0.52734375 0.52734375 0.1015625 0.0625
0 0.521484375 0.654296875 0.07421875 0.08203125
0 0.650390625 0.626953125 0.05078125 0.06640625
0 0.396484375 0.71875 0.05859375 0.046875