1 0.380859375 0.39453125 0.16015625 0.1640625
1 0.244140625 0.404296875 0.09765625 0.12109375
1 0.51171875 0.416015625 0.0703125 0.07421875
1 0.5703125 0.349609375 0.078125 0.08984375
1 0.669921875 0.35546875 0.07421875 0.0859375
1 0.587890625 0.61328125 0.06640625 0.0625
1 0.658203125 0.66015625 0.06640625 0.09375
1 0.6171875 0.75390625 0.1640625 0.1015625
1 0.81640625 0.630859375 0.0546875 0.07421875
0 0.478515625 0.181640625 0.17578125 0.04296875
0 0.458984375 0.763671875 0.12890625 0.08984375
0 0.578125 0.53515625 0.078125 0.078125
0 0.677734375 0.453125 0.10546875 0.0546875
0 0.23828125 0.3125 0.09375 0.0546875
0 0.205078125 0.607421875 0.10546875 0.07421875
0 0.35546875 0.697265625 0.0859375 0.04296875
0 0.408203125 0.533203125 0.06640625 0.04296875
0 0.7421875 0.349609375 0.046875 0.05078125
0 0.80859375 0.337890625 0.03125 0.03515625
0 0.798828125 0.51171875 0.05859375 0.046875