1 0.466796875 0.34765625 0.07421875 0.0625
1 0.63671875 0.33984375 0.1328125 0.140625
1 0.380859375 0.47265625 0.09765625 0.0859375
1 0.271484375 0.29296875 0.05859375 0.0390625
1 0.34375 0.6328125 0.0625 0.0546875
1 0.744140625 0.40625 0.07421875 0.0703125
0 0.400390625 0.298828125 0.10546875 0.07421875
0 0.44921875 0.19140625 0.2578125 0.0234375
0 0.5390625 0.259765625 0.0859375 0.08984375
0 0.748046875 0.31640625 0.08203125 0.078125
0 0.85546875 0.52734375 0.046875 0.078125
0 0.671875 0.45703125 0.0625 0.0703125
0 0.2890625 0.388671875 0.0625 0.05078125
0 0.37890625 0.568359375 0.0703125 0.07421875
0 0.4140625 0.6484375 0.0859375 0.046875
0 0.623046875 0.56640625 0.06640625 0.078125
0 0.451171875 0.78515625 0.23046875 0.0390625
0 0.759765625 0.6328125 0.04296875 0.140625
0 0.2265625 0.51171875 0.0859375 0.078125
0 0.2890625 0.63671875 0.0546875 0.0546875
0 0.533203125 0.646484375 0.05859375 0.06640625
0 0.71484375 0.759765625 0.1171875 0.05078125
0 0.68359375 0.693359375 0.078125 0.05859375
0 0.484375 0.4921875 0.0546875 0.078125
0 0.41796875 0.3984375 0.0703125 0.03125