1 0.5625 0.357421875 0.0546875 0.05859375
1 0.48828125 0.4765625 0.1171875 0.125
1 0.3828125 0.302734375 0.1015625 0.08984375
1 0.484375 0.361328125 0.078125 0.05859375
1 0.6484375 0.43359375 0.1015625 0.125
1 0.697265625 0.291015625 0.07421875 0.10546875
1 0.80078125 0.38671875 0.1328125 0.0859375
1 0.4296875 0.61328125 0.0859375 0.0703125
1 0.361328125 0.70703125 0.14453125 0.109375
1 0.283203125 0.32421875 0.07421875 0.0703125
0 0.482421875 0.310546875 0.08203125 0.08203125
0 0.515625 0.189453125 0.28125 0.03515625
0 0.62890625 0.26171875 0.0546875 0.0703125
0 0.8046875 0.314453125 0.03125 0.04296875
0 0.39453125 0.400390625 0.0703125 0.04296875
0 0.533203125 0.404296875 0.06640625 0.04296875
0 0.576171875 0.45703125 0.05078125 0.0625
0 0.208984375 0.4921875 0.08203125 0.046875
0 0.32421875 0.51953125 0.0859375 0.0859375
0 0.228515625 0.681640625 0.07421875 0.05859375
0 0.49609375 0.607421875 0.03125 0.14453125
0 0.537109375 0.66015625 0.07421875 0.0546875
0 0.720703125 0.56640625 0.05859375 0.0546875
0 0.4921875 0.79296875 0.2109375 0.0390625
0 0.6328125 0.662109375 0.03125 0.03515625
1 0.486328125 0.84765625 0.17578125 0.03125