1 0.58203125 0.330078125 0.0546875 0.08203125
1 0.67578125 0.388671875 0.140625 0.11328125
1 0.33984375 0.349609375 0.0625 0.06640625
1 0.43359375 0.349609375 0.0703125 0.09765625
1 0.3203125 0.484375 0.125 0.09375
1 0.48828125 0.4609375 0.0859375 0.078125
1 0.7890625 0.3125 0.09375 0.0703125
1 0.26953125 0.28125 0.1171875 0.0703125
1 0.509765625 0.142578125 0.16015625 0.04296875
1 0.306640625 0.607421875 0.09765625 0.05859375
1 0.419921875 0.826171875 0.19140625 0.05859375
0 0.427734375 0.783203125 0.21484375 0.04296875
0 0.685546875 0.775390625 0.12890625 0.04296875
0 0.814453125 0.556640625 0.07421875 0.08984375
0 0.59765625 0.466796875 0.0625 0.08203125
0 0.708984375 0.31640625 0.06640625 0.0703125
0 0.45703125 0.181640625 0.25 0.05078125
0 0.353515625 0.296875 0.08984375 0.09375
0 0.498046875 0.23828125 0.08203125 0.0625
0 0.267578125 0.390625 0.11328125 0.046875
0 0.201171875 0.505859375 0.10546875 0.08203125
0 0.38671875 0.62890625 0.078125 0.078125
0 0.6875 0.66796875 0.0859375 0.0546875
0 0.533203125 0.7265625 0.09765625 0.03125
0 0.484375 0.615234375 0.0625 0.04296875
0 0.57421875 0.578125 0.0390625 0.0859375
0 0.41796875 0.490234375 0.0546875 0.05078125