1 0.46875 0.62890625 0.0625 0.0625
1 0.54296875 0.669921875 0.0546875 0.06640625
1 0.515625 0.767578125 0.1796875 0.10546875
1 0.8359375 0.40625 0.0859375 0.1484375
1 0.279296875 0.392578125 0.12890625 0.14453125
1 0.412109375 0.408203125 0.08984375 0.07421875
1 0.453125 0.326171875 0.09375 0.08203125
1 0.5703125 0.3515625 0.0859375 0.09375
1 0.169921875 0.419921875 0.05078125 0.12109375
0 0.373046875 0.7578125 0.10546875 0.09375
0 0.2734375 0.6640625 0.0859375 0.03125
0 0.740234375 0.337890625 0.05859375 0.07421875
0 0.4140625 0.19140625 0.1484375 0.0625
0 0.4296875 0.529296875 0.078125 0.08984375
0 0.544921875 0.4765625 0.08984375 0.0703125
0 0.216796875 0.552734375 0.06640625 0.06640625
0 0.287109375 0.591796875 0.03515625 0.05078125
0 0.767578125 0.625 0.04296875 0.0546875
0 0.646484375 0.35546875 0.05078125 0.0546875