1 0.740234375 0.4296875 0.12890625 0.109375
1 0.34765625 0.337890625 0.0703125 0.07421875
1 0.4453125 0.353515625 0.078125 0.08203125
1 0.423828125 0.76171875 0.11328125 0.0859375
1 0.35546875 0.654296875 0.1171875 0.10546875
1 0.1875 0.38671875 0.1015625 0.1015625
0 0.61328125 0.361328125 0.09375 0.05859375
0 0.775390625 0.525390625 0.10546875 0.08203125
0 0.814453125 0.357421875 0.06640625 0.09765625
0 0.533203125 0.138671875 0.09765625 0.05078125
0 0.2890625 0.53515625 0.0703125 0.1015625
0 0.279296875 0.73828125 0.05078125 0.1171875
0 0.509765625 0.490234375 0.05078125 0.10546875
0 0.60546875 0.498046875 0.0625 0.06640625
0 0.63671875 0.630859375 0.09375 0.05859375
0 0.37890625 0.447265625 0.0625 0.08203125
0 0.4375 0.22265625 0.0625 0.0703125