1 0.490234375 0.375 0.15234375 0.1328125
1 0.599609375 0.412109375 0.06640625 0.06640625
1 0.66015625 0.3359375 0.078125 0.0859375
1 0.75390625 0.37109375 0.0546875 0.0703125
1 0.685546875 0.61328125 0.04296875 0.0625
1 0.75390625 0.6484375 0.09375 0.09375
1 0.724609375 0.74609375 0.09765625 0.1015625
1 0.314453125 0.43359375 0.10546875 0.09375
1 0.28125 0.33984375 0.078125 0.078125
1 0.20703125 0.326171875 0.0546875 0.05859375
1 0.17578125 0.46484375 0.0546875 0.0703125
1 0.173828125 0.61328125 0.05078125 0.0625
0 0.4765625 0.1796875 0.109375 0.0546875
0 0.255859375 0.294921875 0.07421875 0.05078125
0 0.798828125 0.345703125 0.08203125 0.07421875
0 0.76953125 0.47265625 0.1015625 0.109375
0 0.66015625 0.486328125 0.046875 0.04296875
0 0.685546875 0.5546875 0.05078125 0.0546875
0 0.53515625 0.78125 0.1328125 0.0546875
0 0.25 0.650390625 0.1015625 0.07421875
0 0.333984375 0.76953125 0.15234375 0.0390625
0 0.447265625 0.69921875 0.08203125 0.03125
0 0.369140625 0.5703125 0.07421875 0.1328125
0 0.537109375 0.54296875 0.11328125 0.078125
0 0.61328125 0.19921875 0.078125 0.0546875