1 0.6796875 0.43359375 0.109375 0.1015625
1 0.275390625 0.330078125 0.07421875 0.06640625
1 0.37109375 0.34765625 0.0703125 0.0546875
1 0.265625 0.6328125 0.1015625 0.046875
1 0.15625 0.392578125 0.0390625 0.05859375
0 0.509765625 0.142578125 0.11328125 0.06640625
0 0.783203125 0.357421875 0.07421875 0.08984375
0 0.712890625 0.509765625 0.13671875 0.08203125
0 0.564453125 0.37109375 0.05078125 0.0546875
0 0.22265625 0.53515625 0.0625 0.1171875
0 0.529296875 0.486328125 0.07421875 0.08203125
0 0.3984375 0.236328125 0.0546875 0.08203125
0 0.556640625 0.638671875 0.08984375 0.02734375
0 0.560546875 0.82421875 0.07421875 0.03125