1 0.359375 0.380859375 0.125 0.12109375
1 0.65234375 0.63671875 0.140625 0.09375
1 0.466796875 0.4140625 0.10546875 0.09375
1 0.568359375 0.32421875 0.08984375 0.09375
1 0.677734375 0.365234375 0.08984375 0.08203125
1 0.228515625 0.41015625 0.08984375 0.1015625
1 0.623046875 0.771484375 0.10546875 0.13671875
0 0.236328125 0.302734375 0.06640625 0.05078125
0 0.455078125 0.1796875 0.21484375 0.0703125
0 0.775390625 0.353515625 0.12109375 0.04296875
0 0.5703125 0.5390625 0.1171875 0.078125
0 0.45703125 0.7734375 0.1796875 0.0703125
0 0.205078125 0.60546875 0.09765625 0.0625
0 0.291015625 0.568359375 0.08984375 0.05859375
0 0.4765625 0.32421875 0.0703125 0.046875
0 0.357421875 0.689453125 0.10546875 0.05859375
0 0.5390625 0.666015625 0.046875 0.04296875
0 0.650390625 0.474609375 0.09765625 0.06640625
0 0.34765625 0.494140625 0.046875 0.03515625
0 0.677734375 0.203125 0.05078125 0.0625