1 0.60546875 0.34765625 0.078125 0.09375
1 0.794921875 0.36328125 0.14453125 0.0859375
1 0.53515625 0.4765625 0.1171875 0.0859375
1 0.513671875 0.6015625 0.06640625 0.109375
1 0.421875 0.298828125 0.1171875 0.08203125
1 0.21484375 0.58984375 0.125 0.1015625
0 0.51953125 0.3125 0.09375 0.0703125
0 0.66015625 0.26171875 0.109375 0.078125
0 0.513671875 0.177734375 0.33203125 0.05078125
0 0.623046875 0.478515625 0.09765625 0.08203125
0 0.609375 0.62890625 0.078125 0.140625
0 0.4140625 0.3984375 0.0703125 0.0625
0 0.283203125 0.47265625 0.08984375 0.078125
0 0.390625 0.53125 0.0859375 0.0859375
0 0.515625 0.783203125 0.21875 0.05078125
0 0.794921875 0.673828125 0.05859375 0.05078125
0 0.279296875 0.716796875 0.11328125 0.08203125