1 0.619140625 0.384765625 0.07421875 0.15234375
1 0.796875 0.369140625 0.140625 0.08203125
1 0.501953125 0.64453125 0.10546875 0.0703125
1 0.537109375 0.474609375 0.05859375 0.15234375
1 0.30859375 0.662109375 0.0546875 0.03515625
1 0.380859375 0.29296875 0.09765625 0.0703125
0 0.484375 0.794921875 0.1796875 0.07421875
0 0.763671875 0.478515625 0.07421875 0.08203125
0 0.4453125 0.619140625 0.0625 0.05859375
0 0.62109375 0.255859375 0.140625 0.04296875
0 0.458984375 0.1953125 0.16796875 0.03125
0 0.65234375 0.201171875 0.125 0.05078125
0 0.8046875 0.302734375 0.046875 0.06640625
0 0.8125 0.662109375 0.0546875 0.05078125
0 0.400390625 0.40625 0.08984375 0.09375
0 0.306640625 0.314453125 0.05078125 0.05078125
0 0.517578125 0.314453125 0.05078125 0.04296875
0 0.373046875 0.54296875 0.04296875 0.046875
0 0.265625 0.609375 0.0703125 0.0390625
0 0.62109375 0.70703125 0.0625 0.0703125
0 0.634765625 0.599609375 0.08984375 0.05859375
0 0.275390625 0.73046875 0.07421875 0.078125