1 0.55859375 0.6171875 0.078125 0.1015625
1 0.6484375 0.650390625 0.109375 0.09765625
1 0.3671875 0.38671875 0.1640625 0.1484375
1 0.568359375 0.34375 0.10546875 0.1015625
1 0.654296875 0.3515625 0.08203125 0.0859375
1 0.220703125 0.431640625 0.07421875 0.09765625
1 0.466796875 0.150390625 0.12109375 0.05859375
1 0.623046875 0.755859375 0.12890625 0.05859375
0 0.263671875 0.509765625 0.09765625 0.08203125
0 0.619140625 0.439453125 0.12890625 0.10546875
0 0.45703125 0.763671875 0.109375 0.07421875
0 0.392578125 0.552734375 0.06640625 0.06640625
0 0.75390625 0.5 0.0703125 0.09375
0 0.62109375 0.263671875 0.1015625 0.06640625
0 0.47265625 0.2109375 0.0546875 0.0390625
0 0.470703125 0.306640625 0.05859375 0.09765625
0 0.564453125 0.55078125 0.12890625 0.078125
0 0.220703125 0.2890625 0.07421875 0.0390625