1 0.60546875 0.361328125 0.0703125 0.11328125
1 0.388671875 0.291015625 0.13671875 0.06640625
1 0.54296875 0.490234375 0.078125 0.07421875
1 0.8046875 0.36328125 0.125 0.09375
1 0.546875 0.634765625 0.125 0.04296875
0 0.435546875 0.64453125 0.06640625 0.0546875
0 0.3984375 0.384765625 0.1171875 0.07421875
0 0.521484375 0.30859375 0.09765625 0.0703125
0 0.625 0.265625 0.15625 0.078125
0 0.3515625 0.216796875 0.1015625 0.06640625
0 0.478515625 0.2109375 0.09765625 0.0546875
0 0.783203125 0.474609375 0.05078125 0.09765625
0 0.62890625 0.4921875 0.0703125 0.0546875
0 0.630859375 0.599609375 0.08984375 0.10546875
0 0.591796875 0.701171875 0.11328125 0.08984375
0 0.8046875 0.662109375 0.0546875 0.04296875
0 0.53125 0.78125 0.171875 0.046875
0 0.3984375 0.55078125 0.078125 0.0703125
0 0.27734375 0.7265625 0.109375 0.1171875