1 0.716796875 0.42578125 0.11328125 0.1171875
1 0.3046875 0.3359375 0.0625 0.078125
1 0.40625 0.34765625 0.078125 0.0859375
1 0.39453125 0.75390625 0.109375 0.0703125
1 0.310546875 0.625 0.11328125 0.0703125
1 0.17578125 0.388671875 0.0625 0.08984375
0 0.607421875 0.359375 0.07421875 0.078125
0 0.23828125 0.525390625 0.0625 0.10546875
0 0.74609375 0.521484375 0.125 0.08984375
0 0.8046875 0.35546875 0.0625 0.1015625
0 0.529296875 0.138671875 0.08203125 0.05859375
0 0.423828125 0.21484375 0.05859375 0.0859375
0 0.24609375 0.328125 0.03125 0.046875
0 0.578125 0.486328125 0.03125 0.07421875
0 0.681640625 0.2578125 0.05859375 0.0625
0 0.61328125 0.626953125 0.125 0.04296875