1 0.734375 0.376953125 0.140625 0.10546875
1 0.51953125 0.34375 0.078125 0.078125
1 0.615234375 0.421875 0.09765625 0.0859375
1 0.453125 0.484375 0.0859375 0.0546875
1 0.400390625 0.6484375 0.08984375 0.0859375
0 0.599609375 0.271484375 0.06640625 0.08984375
0 0.4453125 0.306640625 0.078125 0.05859375
0 0.716796875 0.4765625 0.04296875 0.078125
0 0.775390625 0.318359375 0.05078125 0.08203125
0 0.8125 0.470703125 0.046875 0.06640625
0 0.48828125 0.630859375 0.078125 0.08984375
0 0.5390625 0.486328125 0.078125 0.06640625
0 0.462890625 0.400390625 0.03515625 0.04296875
0 0.44921875 0.767578125 0.125 0.06640625
0 0.810546875 0.5859375 0.05859375 0.0625
0 0.35546875 0.640625 0.0703125 0.078125
0 0.240234375 0.701171875 0.12109375 0.08203125
0 0.302734375 0.486328125 0.05859375 0.05078125
0 0.490234375 0.169921875 0.06640625 0.02734375
0 0.751953125 0.73828125 0.02734375 0.0390625
0 0.720703125 0.669921875 0.07421875 0.05859375