1 0.25 0.3828125 0.1328125 0.1015625
1 0.431640625 0.337890625 0.07421875 0.08203125
1 0.359375 0.42578125 0.0546875 0.1015625
1 0.55078125 0.33984375 0.0546875 0.0546875
1 0.4609375 0.64453125 0.1796875 0.1015625
1 0.83203125 0.404296875 0.03125 0.06640625
1 0.8203125 0.3515625 0.0390625 0.046875
0 0.560546875 0.267578125 0.13671875 0.08203125
0 0.3984375 0.193359375 0.09375 0.05078125
0 0.650390625 0.798828125 0.09765625 0.05078125
0 0.642578125 0.544921875 0.05078125 0.11328125
0 0.484375 0.556640625 0.109375 0.08984375
0 0.486328125 0.388671875 0.07421875 0.06640625
0 0.2734375 0.509765625 0.0859375 0.07421875
0 0.41796875 0.453125 0.0703125 0.0546875
0 0.359375 0.76953125 0.0703125 0.0546875
0 0.298828125 0.650390625 0.07421875 0.09765625
0 0.75390625 0.314453125 0.0625 0.05859375
0 0.36328125 0.318359375 0.0390625 0.14453125