1 0.6015625 0.384765625 0.1953125 0.14453125
1 0.734375 0.31640625 0.078125 0.078125
1 0.412109375 0.3828125 0.09765625 0.125
1 0.80078125 0.326171875 0.046875 0.08203125
1 0.27734375 0.47265625 0.078125 0.0546875
1 0.240234375 0.291015625 0.04296875 0.08203125
1 0.828125 0.61328125 0.078125 0.109375
0 0.458984375 0.26953125 0.10546875 0.0859375
0 0.517578125 0.1953125 0.09765625 0.078125
0 0.525390625 0.482421875 0.05859375 0.10546875
0 0.330078125 0.318359375 0.08203125 0.05859375
0 0.64453125 0.763671875 0.0625 0.07421875
0 0.380859375 0.4765625 0.09765625 0.0859375
0 0.328125 0.62890625 0.0546875 0.0859375
0 0.7734375 0.541015625 0.0546875 0.07421875
0 0.6640625 0.29296875 0.0546875 0.0546875
0 0.759765625 0.408203125 0.05859375 0.08984375
0 0.404296875 0.79296875 0.08203125 0.046875
0 0.646484375 0.638671875 0.05859375 0.06640625