1 0.3984375 0.349609375 0.0625 0.10546875
1 0.603515625 0.384765625 0.16015625 0.12890625
1 0.822265625 0.60546875 0.06640625 0.109375
1 0.763671875 0.310546875 0.12109375 0.09765625
1 0.2890625 0.482421875 0.09375 0.08984375
1 0.28125 0.626953125 0.0625 0.08203125
1 0.46875 0.61328125 0.0703125 0.078125
1 0.466796875 0.453125 0.08203125 0.0625
1 0.22265625 0.28125 0.0703125 0.0703125
0 0.330078125 0.30859375 0.07421875 0.0859375
0 0.515625 0.18359375 0.09375 0.0625
0 0.798828125 0.537109375 0.05859375 0.06640625
0 0.69140625 0.564453125 0.0546875 0.05859375
0 0.669921875 0.65234375 0.05078125 0.078125
0 0.658203125 0.775390625 0.10546875 0.07421875
0 0.3515625 0.642578125 0.078125 0.11328125
0 0.341796875 0.185546875 0.05859375 0.04296875
0 0.55859375 0.46484375 0.0625 0.0546875
0 0.3515625 0.39453125 0.078125 0.0546875
0 0.650390625 0.291015625 0.09765625 0.10546875
0 0.21875 0.37890625 0.109375 0.0546875
0 0.4296875 0.79296875 0.203125 0.0625
0 0.369140625 0.490234375 0.07421875 0.10546875
0 0.5234375 0.560546875 0.046875 0.11328125
0 0.572265625 0.716796875 0.06640625 0.08203125