1 0.744140625 0.416015625 0.12109375 0.11328125
1 0.3359375 0.341796875 0.078125 0.06640625
1 0.423828125 0.36328125 0.07421875 0.078125
1 0.181640625 0.3828125 0.07421875 0.109375
1 0.306640625 0.625 0.09765625 0.0546875
0 0.787109375 0.49609375 0.05078125 0.109375
0 0.5234375 0.140625 0.0859375 0.0703125
0 0.79296875 0.34375 0.0390625 0.0390625
0 0.484375 0.28125 0.0625 0.0625
0 0.6015625 0.634765625 0.0546875 0.04296875
0 0.21484375 0.498046875 0.0703125 0.08984375
0 0.408203125 0.447265625 0.04296875 0.05078125