1 0.71875 0.431640625 0.1328125 0.10546875
1 0.166015625 0.3828125 0.08203125 0.0859375
1 0.412109375 0.3515625 0.05859375 0.078125
1 0.3125 0.333984375 0.0546875 0.08984375
1 0.392578125 0.759765625 0.09765625 0.06640625
1 0.30859375 0.6328125 0.15625 0.046875
0 0.51953125 0.1484375 0.09375 0.078125
0 0.75390625 0.521484375 0.1171875 0.07421875
0 0.806640625 0.359375 0.08203125 0.1015625
0 0.607421875 0.36328125 0.10546875 0.0859375
0 0.25 0.537109375 0.0859375 0.12109375
0 0.595703125 0.62890625 0.09765625 0.046875
0 0.560546875 0.48828125 0.05859375 0.0859375