1 0.466796875 0.4609375 0.14453125 0.078125
1 0.36328125 0.302734375 0.109375 0.07421875
1 0.55859375 0.36328125 0.109375 0.0703125
1 0.748046875 0.353515625 0.10546875 0.07421875
1 0.40234375 0.650390625 0.078125 0.12890625
1 0.634765625 0.451171875 0.08203125 0.07421875
0 0.5078125 0.640625 0.0703125 0.0859375
0 0.75 0.44140625 0.0546875 0.046875
0 0.455078125 0.30078125 0.06640625 0.046875
0 0.60546875 0.2578125 0.078125 0.0625
0 0.814453125 0.486328125 0.04296875 0.04296875
0 0.78515625 0.310546875 0.0546875 0.05078125
0 0.283203125 0.5078125 0.06640625 0.0703125
0 0.189453125 0.494140625 0.06640625 0.08203125
0 0.33203125 0.40625 0.09375 0.0546875
0 0.490234375 0.18359375 0.34765625 0.046875
0 0.470703125 0.779296875 0.21484375 0.07421875
0 0.798828125 0.642578125 0.05859375 0.08203125
0 0.48046875 0.56640625 0.0546875 0.0625
0 0.224609375 0.69140625 0.08203125 0.0625
1 0.302734375 0.65625 0.07421875 0.09375