1 0.748046875 0.42578125 0.13671875 0.09375
1 0.318359375 0.32421875 0.06640625 0.0703125
1 0.4296875 0.361328125 0.09375 0.09765625
1 0.3984375 0.744140625 0.1015625 0.07421875
1 0.181640625 0.384765625 0.05078125 0.13671875
1 0.34375 0.646484375 0.1328125 0.08203125
0 0.7734375 0.505859375 0.078125 0.11328125
0 0.4609375 0.255859375 0.09375 0.12890625
0 0.28515625 0.52734375 0.1015625 0.078125
0 0.52734375 0.134765625 0.0859375 0.06640625
0 0.638671875 0.33203125 0.05859375 0.1015625
0 0.490234375 0.521484375 0.05859375 0.08984375