1 0.51171875 0.38671875 0.1953125 0.140625
1 0.287109375 0.357421875 0.08203125 0.08984375
1 0.328125 0.443359375 0.1015625 0.08984375
1 0.65625 0.326171875 0.0859375 0.07421875
1 0.755859375 0.341796875 0.05078125 0.09765625
1 0.19140625 0.45703125 0.09375 0.078125
1 0.171875 0.595703125 0.0859375 0.08984375
1 0.693359375 0.611328125 0.04296875 0.04296875
1 0.783203125 0.638671875 0.08203125 0.12109375
1 0.70703125 0.7421875 0.15625 0.078125
0 0.267578125 0.296875 0.11328125 0.046875
0 0.81640625 0.330078125 0.0703125 0.06640625
0 0.5 0.185546875 0.28125 0.05859375
0 0.5546875 0.783203125 0.1328125 0.05078125
0 0.517578125 0.685546875 0.12890625 0.02734375
0 0.6953125 0.5390625 0.046875 0.0859375
0 0.779296875 0.4921875 0.06640625 0.0625
0 0.7265625 0.462890625 0.0234375 0.02734375
0 0.2421875 0.640625 0.0625 0.0703125
0 0.296875 0.59765625 0.0859375 0.0703125
0 0.41796875 0.580078125 0.078125 0.02734375
0 0.23046875 0.380859375 0.1015625 0.05859375
0 0.33984375 0.78515625 0.125 0.03125