1 0.57421875 0.357421875 0.1015625 0.08984375
1 0.666015625 0.447265625 0.06640625 0.08203125
1 0.705078125 0.318359375 0.03515625 0.05859375
1 0.775390625 0.376953125 0.10546875 0.08984375
1 0.490234375 0.494140625 0.07421875 0.10546875
1 0.3671875 0.294921875 0.0859375 0.07421875
1 0.48046875 0.638671875 0.1015625 0.03515625
0 0.388671875 0.6328125 0.05078125 0.0546875
0 0.3203125 0.505859375 0.09375 0.05859375
0 0.388671875 0.416015625 0.08984375 0.06640625
0 0.482421875 0.310546875 0.06640625 0.04296875
0 0.619140625 0.265625 0.06640625 0.0625
0 0.802734375 0.3203125 0.03515625 0.0546875
0 0.58203125 0.494140625 0.0625 0.08203125
0 0.529296875 0.400390625 0.12109375 0.04296875
0 0.77734375 0.48046875 0.109375 0.0859375
0 0.78515625 0.646484375 0.0859375 0.05078125
0 0.53125 0.66015625 0.0546875 0.03125
0 0.244140625 0.59375 0.06640625 0.0546875
0 0.2578125 0.712890625 0.1015625 0.08984375
0 0.47265625 0.783203125 0.1953125 0.05078125
0 0.595703125 0.6171875 0.05859375 0.0703125