1 0.59765625 0.359375 0.078125 0.0703125
1 0.787109375 0.37109375 0.09765625 0.0703125
1 0.552734375 0.48046875 0.08203125 0.0546875
1 0.515625 0.640625 0.0625 0.0546875
0 0.6328125 0.498046875 0.0546875 0.08203125
0 0.78515625 0.482421875 0.0859375 0.09765625
0 0.630859375 0.255859375 0.04296875 0.05078125
0 0.515625 0.310546875 0.0625 0.04296875
0 0.498046875 0.1875 0.05859375 0.0390625
0 0.611328125 0.685546875 0.09765625 0.05078125
0 0.271484375 0.703125 0.08984375 0.0546875
0 0.490234375 0.791015625 0.15234375 0.05078125
0 0.435546875 0.630859375 0.04296875 0.02734375
0 0.33203125 0.330078125 0.0859375 0.06640625