1 0.69921875 0.37109375 0.140625 0.109375
1 0.5078125 0.357421875 0.0625 0.07421875
1 0.40234375 0.474609375 0.0859375 0.06640625
1 0.591796875 0.43359375 0.05859375 0.0703125
1 0.37890625 0.67578125 0.09375 0.1015625
1 0.80859375 0.322265625 0.0625 0.05078125
0 0.55859375 0.26171875 0.078125 0.0703125
0 0.43359375 0.3046875 0.0703125 0.046875
0 0.5 0.48828125 0.0703125 0.0625
0 0.6796875 0.46875 0.046875 0.0625
0 0.787109375 0.478515625 0.05078125 0.05078125
0 0.734375 0.751953125 0.046875 0.02734375
0 0.271484375 0.498046875 0.05078125 0.04296875
0 0.451171875 0.62890625 0.05078125 0.09375
0 0.4375 0.787109375 0.15625 0.04296875
0 0.2109375 0.69140625 0.0546875 0.0390625
0 0.306640625 0.650390625 0.04296875 0.06640625