1 0.490234375 0.322265625 0.08203125 0.08203125
1 0.61328125 0.39453125 0.125 0.125
1 0.7109375 0.404296875 0.0546875 0.06640625
1 0.755859375 0.318359375 0.11328125 0.05859375
1 0.25390625 0.484375 0.09375 0.109375
1 0.36328125 0.35546875 0.09375 0.0703125
1 0.416015625 0.45703125 0.04296875 0.078125
1 0.2421875 0.62109375 0.078125 0.046875
1 0.814453125 0.625 0.09765625 0.09375
0 0.501953125 0.4921875 0.08203125 0.1015625
0 0.498046875 0.201171875 0.08984375 0.07421875
0 0.32421875 0.294921875 0.1015625 0.06640625
0 0.650390625 0.29296875 0.07421875 0.0703125
0 0.435546875 0.2734375 0.15234375 0.0546875
0 0.76953125 0.53125 0.0625 0.0859375
0 0.341796875 0.478515625 0.07421875 0.08203125
0 0.21484375 0.384765625 0.0625 0.05859375
0 0.619140625 0.7578125 0.12109375 0.0625
0 0.64453125 0.62890625 0.046875 0.09375
0 0.330078125 0.625 0.06640625 0.125
0 0.341796875 0.78125 0.11328125 0.0625
0 0.48828125 0.728515625 0.0703125 0.05078125
0 0.728515625 0.4921875 0.04296875 0.0625