1 0.486328125 0.33984375 0.08203125 0.0703125
1 0.28125 0.380859375 0.1484375 0.09765625
1 0.40234375 0.423828125 0.0703125 0.06640625
1 0.466796875 0.615234375 0.07421875 0.07421875
1 0.580078125 0.671875 0.12109375 0.046875
1 0.85546875 0.4140625 0.0390625 0.078125
0 0.740234375 0.4296875 0.05078125 0.078125
0 0.568359375 0.271484375 0.18359375 0.08203125
0 0.326171875 0.486328125 0.06640625 0.06640625
0 0.193359375 0.513671875 0.05859375 0.13671875
0 0.5390625 0.41015625 0.078125 0.078125
0 0.3984375 0.3359375 0.0703125 0.0703125
0 0.326171875 0.298828125 0.04296875 0.04296875
0 0.390625 0.759765625 0.0859375 0.06640625
0 0.556640625 0.5859375 0.05078125 0.078125
0 0.490234375 0.556640625 0.05859375 0.05078125
0 0.45703125 0.44140625 0.0546875 0.046875
0 0.69921875 0.5625 0.0546875 0.109375