1 0.484375 0.3671875 0.109375 0.1015625
1 0.62109375 0.408203125 0.0859375 0.06640625
1 0.771484375 0.33984375 0.14453125 0.0546875
1 0.748046875 0.62109375 0.05859375 0.0625
1 0.380859375 0.46484375 0.09765625 0.0703125
1 0.296875 0.3359375 0.1015625 0.078125
1 0.21484375 0.484375 0.0859375 0.0625
1 0.23046875 0.337890625 0.015625 0.08203125
0 0.453125 0.486328125 0.0546875 0.09765625
0 0.73828125 0.251953125 0.1171875 0.09765625
0 0.478515625 0.1953125 0.14453125 0.0859375
0 0.404296875 0.26953125 0.17578125 0.0703125
0 0.82421875 0.54296875 0.078125 0.078125
0 0.294921875 0.49609375 0.08203125 0.0703125
0 0.603515625 0.771484375 0.09765625 0.07421875
0 0.796875 0.43359375 0.109375 0.0546875
0 0.65234375 0.501953125 0.09375 0.08984375
0 0.623046875 0.64453125 0.08203125 0.1015625
0 0.59375 0.310546875 0.078125 0.10546875
0 0.373046875 0.720703125 0.09765625 0.04296875