1 0.5234375 0.62109375 0.078125 0.0859375
1 0.296875 0.36328125 0.0859375 0.1015625
1 0.400390625 0.412109375 0.10546875 0.08203125
1 0.5 0.32421875 0.0859375 0.09375
1 0.638671875 0.36328125 0.06640625 0.0859375
1 0.171875 0.462890625 0.0390625 0.10546875
0 0.609375 0.26171875 0.1484375 0.0546875
0 0.36328125 0.28125 0.03125 0.109375
0 0.4453125 0.33984375 0.046875 0.0859375
0 0.220703125 0.494140625 0.05078125 0.12109375
0 0.357421875 0.505859375 0.06640625 0.12109375
0 0.376953125 0.634765625 0.08984375 0.07421875
0 0.56640625 0.38671875 0.0859375 0.0703125
0 0.6171875 0.548828125 0.078125 0.07421875
0 0.416015625 0.18359375 0.07421875 0.046875
0 0.24609375 0.263671875 0.078125 0.06640625