1 0.830078125 0.3984375 0.08203125 0.1328125
1 0.294921875 0.3828125 0.14453125 0.1015625
1 0.484375 0.33984375 0.078125 0.0625
1 0.46484375 0.615234375 0.0703125 0.06640625
1 0.53125 0.755859375 0.1640625 0.07421875
1 0.58984375 0.361328125 0.0390625 0.07421875
0 0.744140625 0.333984375 0.05859375 0.08203125
0 0.732421875 0.515625 0.05078125 0.1484375
0 0.400390625 0.341796875 0.06640625 0.08203125
0 0.376953125 0.7734375 0.13671875 0.0859375
0 0.203125 0.5234375 0.0703125 0.1328125
0 0.42578125 0.17578125 0.1171875 0.0625
0 0.4609375 0.52734375 0.078125 0.09375
0 0.294921875 0.66796875 0.09765625 0.0546875
0 0.638671875 0.3515625 0.05078125 0.0859375
0 0.76953125 0.626953125 0.046875 0.07421875