1 0.525390625 0.35546875 0.06640625 0.0859375
1 0.61328125 0.419921875 0.1171875 0.07421875
1 0.724609375 0.35546875 0.12890625 0.140625
1 0.341796875 0.302734375 0.09765625 0.06640625
1 0.44921875 0.470703125 0.0859375 0.06640625
1 0.353515625 0.693359375 0.15234375 0.13671875
1 0.15625 0.595703125 0.0703125 0.08984375
0 0.49609375 0.623046875 0.09375 0.12109375
0 0.376953125 0.21875 0.05859375 0.0546875
0 0.435546875 0.296875 0.07421875 0.0546875
0 0.51171875 0.1796875 0.1015625 0.0390625
0 0.560546875 0.26171875 0.14453125 0.078125
0 0.3359375 0.3984375 0.109375 0.0546875
0 0.26953125 0.51171875 0.078125 0.140625
0 0.673828125 0.53515625 0.08203125 0.109375
0 0.5234375 0.490234375 0.0859375 0.06640625
0 0.78515625 0.634765625 0.0546875 0.06640625
0 0.46875 0.78515625 0.203125 0.0546875
0 0.23046875 0.701171875 0.078125 0.07421875
0 0.708984375 0.703125 0.08984375 0.0625
0 0.359375 0.51953125 0.0546875 0.0703125