1 0.80078125 0.39453125 0.1015625 0.1015625
1 0.236328125 0.37890625 0.08203125 0.140625
1 0.416015625 0.34375 0.07421875 0.0625
1 0.5078125 0.359375 0.0703125 0.078125
1 0.3984375 0.6328125 0.0859375 0.078125
1 0.484375 0.6640625 0.0625 0.0625
0 0.52734375 0.271484375 0.1015625 0.08203125
0 0.298828125 0.48046875 0.09765625 0.0390625
0 0.53515625 0.138671875 0.1171875 0.05859375
0 0.517578125 0.455078125 0.07421875 0.07421875
0 0.822265625 0.521484375 0.07421875 0.12109375
0 0.3359375 0.759765625 0.0859375 0.08203125
0 0.609375 0.5390625 0.0703125 0.109375
0 0.40625 0.552734375 0.0859375 0.06640625