1 0.40625 0.388671875 0.171875 0.11328125
1 0.513671875 0.408203125 0.06640625 0.08203125
1 0.580078125 0.32421875 0.08203125 0.0859375
1 0.68359375 0.357421875 0.09375 0.08984375
1 0.236328125 0.4375 0.08203125 0.09375
1 0.224609375 0.3515625 0.05078125 0.0546875
1 0.62109375 0.634765625 0.0703125 0.07421875
1 0.6796875 0.654296875 0.0546875 0.06640625
1 0.328125 0.638671875 0.0859375 0.06640625
1 0.4921875 0.12890625 0.2421875 0.0390625
1 0.634765625 0.763671875 0.16015625 0.05859375
0 0.482421875 0.779296875 0.12890625 0.07421875
0 0.78515625 0.349609375 0.09375 0.05859375
0 0.603515625 0.54296875 0.11328125 0.0859375
0 0.306640625 0.525390625 0.05859375 0.09765625
0 0.224609375 0.294921875 0.05078125 0.04296875
0 0.505859375 0.337890625 0.08203125 0.06640625
0 0.6484375 0.25 0.1015625 0.0859375
0 0.466796875 0.1875 0.30078125 0.0546875
0 0.8203125 0.552734375 0.03125 0.02734375
0 0.41015625 0.685546875 0.1640625 0.04296875