1 0.83984375 0.40625 0.0625 0.1328125
1 0.578125 0.365234375 0.0625 0.07421875
1 0.482421875 0.3515625 0.07421875 0.0703125
1 0.26953125 0.388671875 0.140625 0.12109375
1 0.451171875 0.62109375 0.05859375 0.0625
1 0.515625 0.7578125 0.1640625 0.09375
0 0.365234375 0.767578125 0.12890625 0.08984375
0 0.751953125 0.328125 0.07421875 0.1015625
0 0.431640625 0.53125 0.08203125 0.1015625
0 0.400390625 0.1875 0.12109375 0.0703125
0 0.388671875 0.328125 0.05078125 0.0390625
0 0.189453125 0.537109375 0.04296875 0.08984375
0 0.283203125 0.669921875 0.12109375 0.05078125
0 0.291015625 0.5546875 0.05078125 0.109375
0 0.712890625 0.515625 0.08984375 0.109375