1 0.330078125 0.396484375 0.13671875 0.11328125
1 0.845703125 0.40234375 0.05078125 0.0703125
1 0.546875 0.765625 0.1640625 0.09375
1 0.505859375 0.33984375 0.07421875 0.0546875
1 0.626953125 0.357421875 0.06640625 0.06640625
1 0.466796875 0.142578125 0.15234375 0.05859375
1 0.517578125 0.625 0.06640625 0.0859375
0 0.486328125 0.548828125 0.08203125 0.07421875
0 0.67578125 0.34765625 0.046875 0.0625
0 0.767578125 0.3515625 0.05859375 0.0859375
0 0.439453125 0.32421875 0.05078125 0.0703125
0 0.388671875 0.1875 0.09765625 0.0546875
0 0.396484375 0.775390625 0.12109375 0.08203125
0 0.3359375 0.673828125 0.0859375 0.04296875
0 0.228515625 0.52734375 0.07421875 0.140625
0 0.7734375 0.517578125 0.09375 0.11328125
0 0.21484375 0.298828125 0.078125 0.03515625
0 0.587890625 0.25390625 0.06640625 0.0625