1 0.796875 0.39453125 0.1171875 0.1015625
1 0.41015625 0.658203125 0.125 0.12109375
1 0.220703125 0.39453125 0.08203125 0.1328125
1 0.380859375 0.33203125 0.08984375 0.078125
1 0.4765625 0.357421875 0.0859375 0.09765625
1 0.4765625 0.7578125 0.125 0.0703125
0 0.6875 0.349609375 0.0703125 0.08203125
0 0.62890625 0.216796875 0.046875 0.08203125
0 0.833984375 0.525390625 0.05859375 0.09765625
0 0.353515625 0.52734375 0.09765625 0.09375
0 0.3359375 0.759765625 0.109375 0.10546875
0 0.203125 0.6796875 0.0390625 0.046875
0 0.486328125 0.46875 0.06640625 0.0625
0 0.45703125 0.1953125 0.046875 0.0625
0 0.55859375 0.140625 0.078125 0.0703125
0 0.70703125 0.623046875 0.0703125 0.05078125