1 0.453125 0.3359375 0.078125 0.078125
1 0.55078125 0.3515625 0.0625 0.0625
1 0.828125 0.39453125 0.0703125 0.0859375
1 0.265625 0.384765625 0.1171875 0.12109375
1 0.45703125 0.62109375 0.0703125 0.0625
1 0.53125 0.662109375 0.0546875 0.05859375
0 0.55078125 0.140625 0.1015625 0.0546875
0 0.380859375 0.318359375 0.05078125 0.06640625
0 0.322265625 0.48828125 0.07421875 0.046875
0 0.431640625 0.44140625 0.04296875 0.0546875
0 0.36328125 0.76171875 0.0859375 0.078125
0 0.736328125 0.33203125 0.04296875 0.0546875