1 0.7890625 0.390625 0.1015625 0.109375
1 0.404296875 0.333984375 0.08203125 0.08203125
1 0.501953125 0.361328125 0.08203125 0.08203125
1 0.2265625 0.380859375 0.0703125 0.14453125
1 0.326171875 0.412109375 0.06640625 0.05859375
1 0.41796875 0.646484375 0.1328125 0.12109375
1 0.478515625 0.763671875 0.13671875 0.07421875
0 0.34765625 0.537109375 0.0859375 0.11328125
0 0.833984375 0.513671875 0.07421875 0.07421875
0 0.330078125 0.755859375 0.10546875 0.10546875
0 0.212890625 0.669921875 0.04296875 0.05078125
0 0.62109375 0.21875 0.046875 0.0859375
0 0.67578125 0.345703125 0.09375 0.07421875
0 0.5703125 0.142578125 0.078125 0.07421875
0 0.40625 0.18359375 0.1328125 0.0625