1 0.515625 0.375 0.1484375 0.140625
1 0.65234375 0.40625 0.09375 0.0625
1 0.689453125 0.322265625 0.08984375 0.06640625
1 0.76953125 0.328125 0.046875 0.0625
1 0.771484375 0.634765625 0.09765625 0.08203125
1 0.310546875 0.3515625 0.05859375 0.0625
1 0.34765625 0.423828125 0.078125 0.06640625
1 0.2109375 0.466796875 0.046875 0.05859375
1 0.216796875 0.3046875 0.05859375 0.0703125
0 0.474609375 0.494140625 0.06640625 0.05859375
0 0.48828125 0.205078125 0.1328125 0.09765625
0 0.60546875 0.31640625 0.0625 0.109375
0 0.392578125 0.279296875 0.07421875 0.07421875
0 0.6015625 0.7578125 0.1015625 0.0625
0 0.654296875 0.490234375 0.06640625 0.06640625
0 0.296875 0.46484375 0.0859375 0.046875
0 0.71875 0.556640625 0.0703125 0.03515625