1 0.34375 0.392578125 0.125 0.12890625
1 0.5234375 0.33203125 0.09375 0.0703125
1 0.458984375 0.404296875 0.05859375 0.05859375
1 0.62109375 0.33984375 0.0703125 0.0703125
1 0.529296875 0.623046875 0.07421875 0.07421875
1 0.611328125 0.65625 0.06640625 0.078125
1 0.193359375 0.396484375 0.06640625 0.10546875
0 0.267578125 0.47265625 0.04296875 0.09375
0 0.41015625 0.7578125 0.0625 0.0703125
0 0.6015625 0.548828125 0.078125 0.08203125
0 0.279296875 0.294921875 0.16015625 0.05859375
0 0.3828125 0.494140625 0.09375 0.07421875