1 0.638671875 0.427734375 0.12890625 0.11328125
1 0.291015625 0.34375 0.09765625 0.078125
1 0.212890625 0.62890625 0.10546875 0.078125
1 0.3046875 0.748046875 0.0703125 0.06640625
1 0.798828125 0.681640625 0.04296875 0.05859375
0 0.73828125 0.376953125 0.0703125 0.09765625
0 0.49609375 0.37109375 0.0703125 0.0703125
0 0.63671875 0.52734375 0.140625 0.0625
0 0.1875 0.513671875 0.078125 0.07421875
0 0.486328125 0.142578125 0.09765625 0.05859375
0 0.451171875 0.837890625 0.08984375 0.05078125
0 0.447265625 0.650390625 0.04296875 0.05078125
0 0.404296875 0.548828125 0.08984375 0.06640625