1 0.431640625 0.3828125 0.16796875 0.140625
1 0.552734375 0.412109375 0.08203125 0.07421875
1 0.669921875 0.345703125 0.16796875 0.08984375
1 0.2578125 0.404296875 0.078125 0.16015625
1 0.162109375 0.451171875 0.05859375 0.07421875
1 0.640625 0.6171875 0.0546875 0.046875
1 0.70703125 0.662109375 0.0625 0.07421875
1 0.75 0.609375 0.046875 0.03125
1 0.83984375 0.623046875 0.046875 0.07421875
1 0.78125 0.30859375 0.046875 0.0703125
1 0.69921875 0.75390625 0.0625 0.0703125
0 0.798828125 0.359375 0.08984375 0.046875
0 0.61328125 0.53515625 0.078125 0.125
0 0.505859375 0.759765625 0.13671875 0.08203125
0 0.751953125 0.47265625 0.06640625 0.0859375
0 0.498046875 0.17578125 0.21484375 0.0625
0 0.248046875 0.3046875 0.08984375 0.046875
0 0.197265625 0.3671875 0.05078125 0.0703125
0 0.28515625 0.55859375 0.0546875 0.03125
0 0.3515625 0.5859375 0.046875 0.046875
0 0.224609375 0.611328125 0.06640625 0.05078125
0 0.181640625 0.619140625 0.03515625 0.06640625
0 0.3984375 0.701171875 0.109375 0.04296875
0 0.599609375 0.6640625 0.03515625 0.0390625
0 0.306640625 0.77734375 0.08984375 0.0234375