1 0.830078125 0.416015625 0.06640625 0.06640625
1 0.23828125 0.392578125 0.0859375 0.12109375
1 0.412109375 0.330078125 0.09765625 0.08203125
1 0.330078125 0.4453125 0.05078125 0.1171875
1 0.384765625 0.62890625 0.08203125 0.0703125
1 0.5 0.66796875 0.0703125 0.0625
0 0.2578125 0.5 0.09375 0.078125
0 0.474609375 0.404296875 0.06640625 0.05859375
0 0.505859375 0.259765625 0.13671875 0.12109375
0 0.625 0.529296875 0.0546875 0.08984375
0 0.66015625 0.802734375 0.125 0.02734375
0 0.43359375 0.552734375 0.0703125 0.06640625
0 0.740234375 0.31640625 0.05078125 0.0625
0 0.71484375 0.43359375 0.0703125 0.0859375
0 0.34765625 0.7734375 0.0625 0.046875
0 0.3359375 0.32421875 0.03125 0.046875
0 0.353515625 0.255859375 0.02734375 0.01953125
0 0.291015625 0.298828125 0.02734375 0.04296875