1 0.501953125 0.34765625 0.09765625 0.09375
1 0.6171875 0.41796875 0.1171875 0.0703125
1 0.771484375 0.62109375 0.05078125 0.0703125
1 0.349609375 0.359375 0.08203125 0.078125
1 0.404296875 0.458984375 0.08203125 0.10546875
1 0.236328125 0.45703125 0.05859375 0.109375
1 0.744140625 0.3203125 0.15234375 0.078125
0 0.5234375 0.1875 0.171875 0.0546875
0 0.48828125 0.4921875 0.0703125 0.109375
0 0.294921875 0.2890625 0.07421875 0.078125
0 0.771484375 0.556640625 0.08203125 0.05859375
0 0.615234375 0.76953125 0.13671875 0.0703125
0 0.615234375 0.65234375 0.05078125 0.078125
0 0.2890625 0.630859375 0.0625 0.11328125
0 0.193359375 0.37109375 0.05859375 0.0546875
0 0.361328125 0.19140625 0.11328125 0.03125
0 0.6328125 0.30078125 0.0546875 0.0859375
0 0.373046875 0.78515625 0.15234375 0.0390625
0 0.529296875 0.6953125 0.05859375 0.0546875