1 0.435546875 0.478515625 0.08984375 0.09765625
1 0.353515625 0.310546875 0.09765625 0.08984375
1 0.4375 0.353515625 0.0625 0.05859375
1 0.52734375 0.35546875 0.078125 0.0625
1 0.689453125 0.333984375 0.07421875 0.10546875
1 0.765625 0.404296875 0.0859375 0.07421875
1 0.619140625 0.474609375 0.06640625 0.12109375
1 0.626953125 0.6171875 0.08203125 0.0859375
1 0.37109375 0.666015625 0.125 0.15234375
1 0.630859375 0.701171875 0.15234375 0.05078125
0 0.58984375 0.271484375 0.078125 0.07421875
0 0.447265625 0.3125 0.07421875 0.0625
0 0.50390625 0.1875 0.34375 0.03125
0 0.7734375 0.3046875 0.0703125 0.0859375
0 0.34375 0.4140625 0.078125 0.0625
0 0.4921875 0.408203125 0.09375 0.05859375
0 0.728515625 0.44921875 0.04296875 0.078125
0 0.802734375 0.490234375 0.05078125 0.04296875
0 0.80078125 0.599609375 0.0390625 0.13671875
0 0.26953125 0.498046875 0.0703125 0.12109375
0 0.494140625 0.6328125 0.10546875 0.1328125
0 0.5390625 0.484375 0.0625 0.0859375
0 0.466796875 0.794921875 0.23046875 0.06640625
0 0.73828125 0.68359375 0.0546875 0.046875
0 0.693359375 0.578125 0.05078125 0.0859375
0 0.2421875 0.703125 0.1171875 0.046875
0 0.7421875 0.7734375 0.0703125 0.03125
0 0.189453125 0.4921875 0.05859375 0.0625