1 0.416015625 0.4765625 0.10546875 0.1171875
1 0.328125 0.294921875 0.0703125 0.06640625
1 0.517578125 0.36328125 0.09765625 0.078125
1 0.6640625 0.333984375 0.078125 0.12109375
1 0.736328125 0.40234375 0.04296875 0.0703125
1 0.8125 0.302734375 0.046875 0.05078125
1 0.595703125 0.451171875 0.07421875 0.08984375
1 0.35546875 0.6328125 0.078125 0.1484375
1 0.294921875 0.7265625 0.08203125 0.0546875
1 0.59375 0.685546875 0.046875 0.05078125
1 0.47265625 0.837890625 0.1640625 0.06640625
1 0.404296875 0.357421875 0.05078125 0.05859375
0 0.40234375 0.2890625 0.0859375 0.0703125
0 0.384765625 0.19140625 0.08984375 0.03125
0 0.486328125 0.63671875 0.08984375 0.078125
0 0.33203125 0.404296875 0.046875 0.05859375
0 0.21875 0.689453125 0.0625 0.05078125
0 0.7265625 0.7578125 0.046875 0.03125
0 0.45703125 0.787109375 0.21875 0.04296875
0 0.640625 0.578125 0.0546875 0.046875
0 0.466796875 0.5703125 0.09765625 0.0390625
0 0.509765625 0.466796875 0.01953125 0.05859375
0 0.244140625 0.5078125 0.11328125 0.09375
0 0.865234375 0.52734375 0.02734375 0.03125
0 0.56640625 0.232421875 0.0625 0.11328125