1 0.595703125 0.36328125 0.08203125 0.078125
1 0.671875 0.421875 0.09375 0.09375
1 0.7578125 0.33203125 0.1171875 0.140625
1 0.392578125 0.294921875 0.06640625 0.06640625
1 0.37890625 0.697265625 0.140625 0.10546875
1 0.4921875 0.46875 0.078125 0.0859375
1 0.18359375 0.607421875 0.0703125 0.07421875
0 0.58203125 0.59765625 0.09375 0.1796875
0 0.736328125 0.548828125 0.10546875 0.09765625
0 0.49609375 0.28125 0.0546875 0.0859375
0 0.564453125 0.20703125 0.18359375 0.09375
0 0.359375 0.208984375 0.0625 0.06640625
0 0.376953125 0.416015625 0.07421875 0.06640625
0 0.376953125 0.521484375 0.08984375 0.10546875
0 0.798828125 0.654296875 0.05859375 0.04296875
0 0.501953125 0.779296875 0.20703125 0.04296875
0 0.265625 0.693359375 0.0703125 0.08203125
0 0.248046875 0.451171875 0.04296875 0.05859375