1 0.490234375 0.388671875 0.16015625 0.16015625
1 0.681640625 0.326171875 0.09765625 0.06640625
1 0.609375 0.400390625 0.0859375 0.06640625
1 0.76171875 0.34765625 0.0546875 0.078125
1 0.748046875 0.62890625 0.12890625 0.1015625
1 0.29296875 0.3515625 0.0625 0.0703125
1 0.337890625 0.43359375 0.08984375 0.0859375
1 0.19140625 0.4609375 0.046875 0.046875
0 0.599609375 0.494140625 0.10546875 0.06640625
0 0.591796875 0.322265625 0.07421875 0.08984375
0 0.494140625 0.21875 0.06640625 0.046875
0 0.6796875 0.4296875 0.0390625 0.09375
0 0.26953125 0.466796875 0.0703125 0.05859375
0 0.267578125 0.30078125 0.05078125 0.046875
0 0.4140625 0.265625 0.046875 0.046875
0 0.708984375 0.560546875 0.05078125 0.05078125
0 0.7734375 0.42578125 0.0703125 0.0703125
0 0.580078125 0.765625 0.13671875 0.046875
0 0.4453125 0.505859375 0.109375 0.05859375