1 0.3671875 0.369140625 0.1171875 0.12890625
1 0.501953125 0.4140625 0.12109375 0.09375
1 0.611328125 0.33984375 0.09765625 0.0703125
1 0.712890625 0.34765625 0.06640625 0.0859375
1 0.609375 0.619140625 0.09375 0.12109375
1 0.724609375 0.638671875 0.09765625 0.07421875
1 0.255859375 0.453125 0.10546875 0.09375
1 0.53515625 0.14453125 0.1953125 0.0546875
1 0.6953125 0.734375 0.109375 0.0546875
0 0.5 0.486328125 0.0703125 0.09765625
0 0.455078125 0.201171875 0.16796875 0.05078125
0 0.66015625 0.263671875 0.15625 0.06640625
0 0.658203125 0.419921875 0.12109375 0.07421875
0 0.7109375 0.541015625 0.125 0.08984375
0 0.810546875 0.48046875 0.05859375 0.1953125
0 0.259765625 0.3671875 0.07421875 0.0625
0 0.3359375 0.263671875 0.078125 0.07421875
0 0.5078125 0.33203125 0.109375 0.0703125
0 0.314453125 0.48828125 0.05078125 0.0546875
0 0.21484375 0.482421875 0.0625 0.06640625
0 0.455078125 0.5703125 0.05078125 0.046875
0 0.513671875 0.626953125 0.08984375 0.08203125
0 0.474609375 0.779296875 0.11328125 0.08203125
0 0.37890625 0.70703125 0.0859375 0.0546875
0 0.287109375 0.5546875 0.10546875 0.1015625