1 0.599609375 0.361328125 0.09765625 0.08984375
1 0.783203125 0.37109375 0.13671875 0.1171875
1 0.533203125 0.482421875 0.07421875 0.07421875
1 0.498046875 0.642578125 0.07421875 0.07421875
0 0.62109375 0.486328125 0.0546875 0.08203125
0 0.771484375 0.48828125 0.05859375 0.0859375
0 0.646484375 0.26953125 0.07421875 0.078125
0 0.53515625 0.3125 0.1015625 0.078125
0 0.5 0.197265625 0.0703125 0.04296875
0 0.32421875 0.31640625 0.046875 0.046875
0 0.265625 0.70703125 0.09375 0.0703125
0 0.62109375 0.59375 0.078125 0.03125
0 0.619140625 0.703125 0.07421875 0.046875
0 0.501953125 0.7890625 0.14453125 0.078125
0 0.4296875 0.63671875 0.0625 0.0703125