1 0.279296875 0.341796875 0.08203125 0.08203125
1 0.40234375 0.404296875 0.140625 0.08984375
1 0.5234375 0.326171875 0.1015625 0.08984375
1 0.630859375 0.33984375 0.06640625 0.078125
1 0.728515625 0.373046875 0.06640625 0.08203125
1 0.5234375 0.6015625 0.0703125 0.09375
1 0.619140625 0.6484375 0.09765625 0.078125
1 0.845703125 0.390625 0.05859375 0.109375
0 0.236328125 0.4765625 0.08984375 0.1171875
0 0.37109375 0.515625 0.078125 0.1484375
0 0.447265625 0.3359375 0.04296875 0.078125
0 0.603515625 0.255859375 0.16015625 0.12109375
0 0.396484375 0.197265625 0.12890625 0.07421875
0 0.37890625 0.298828125 0.0390625 0.08984375
0 0.640625 0.546875 0.078125 0.0703125
0 0.583984375 0.408203125 0.08203125 0.08984375
0 0.7421875 0.5234375 0.078125 0.125
0 0.3828125 0.634765625 0.1171875 0.11328125
0 0.4140625 0.76953125 0.109375 0.046875
0 0.517578125 0.70703125 0.11328125 0.0703125