1 0.599609375 0.357421875 0.08203125 0.08984375
1 0.767578125 0.349609375 0.13671875 0.08984375
1 0.537109375 0.484375 0.07421875 0.0546875
1 0.48828125 0.6484375 0.0703125 0.109375
1 0.359375 0.296875 0.0859375 0.0546875
0 0.765625 0.501953125 0.0390625 0.13671875
0 0.5078125 0.30859375 0.0859375 0.03125
0 0.650390625 0.251953125 0.08984375 0.06640625
0 0.6171875 0.48046875 0.0859375 0.0546875
0 0.560546875 0.630859375 0.07421875 0.08203125
0 0.599609375 0.697265625 0.09765625 0.07421875
0 0.384765625 0.4765625 0.06640625 0.109375
0 0.52734375 0.173828125 0.1640625 0.04296875
0 0.421875 0.63671875 0.0625 0.0703125
0 0.494140625 0.765625 0.16015625 0.078125
0 0.28515625 0.705078125 0.1328125 0.08984375