1 0.708984375 0.423828125 0.12890625 0.09765625
1 0.296875 0.333984375 0.0625 0.05859375
1 0.412109375 0.37109375 0.09765625 0.0859375
1 0.166015625 0.380859375 0.05078125 0.08984375
1 0.3828125 0.751953125 0.0859375 0.07421875
0 0.763671875 0.50390625 0.05859375 0.078125
0 0.7890625 0.341796875 0.046875 0.03515625
0 0.44140625 0.2734375 0.1171875 0.1015625
0 0.5234375 0.14453125 0.078125 0.0625
0 0.251953125 0.53515625 0.06640625 0.0625
0 0.4375 0.46484375 0.078125 0.0546875
0 0.578125 0.369140625 0.09375 0.05859375
0 0.564453125 0.80859375 0.26953125 0.03125