1 0.423828125 0.365234375 0.09765625 0.09765625
1 0.544921875 0.42578125 0.11328125 0.109375
1 0.263671875 0.3515625 0.05859375 0.0625
1 0.65234375 0.33984375 0.09375 0.078125
1 0.74609375 0.345703125 0.078125 0.08203125
1 0.693359375 0.623046875 0.05859375 0.08984375
1 0.75 0.6640625 0.046875 0.09375
1 0.748046875 0.75 0.06640625 0.0625
1 0.3125 0.46875 0.0859375 0.0859375
1 0.177734375 0.482421875 0.07421875 0.07421875
1 0.193359375 0.3203125 0.04296875 0.046875
1 0.173828125 0.615234375 0.06640625 0.06640625
0 0.392578125 0.26953125 0.08203125 0.078125
0 0.474609375 0.203125 0.09765625 0.0625
0 0.5546875 0.291015625 0.0703125 0.07421875
0 0.6953125 0.259765625 0.0859375 0.07421875
0 0.748046875 0.421875 0.08203125 0.0625
0 0.6640625 0.458984375 0.0546875 0.05859375
0 0.388671875 0.4765625 0.08984375 0.0703125
0 0.537109375 0.77734375 0.13671875 0.0546875
0 0.2265625 0.625 0.0703125 0.09375
0 0.79296875 0.53125 0.0703125 0.0546875
0 0.6953125 0.544921875 0.0703125 0.05859375
0 0.630859375 0.6171875 0.06640625 0.0390625
0 0.4609375 0.708984375 0.0625 0.05859375
0 0.255859375 0.275390625 0.05078125 0.05078125