1 0.51953125 0.353515625 0.078125 0.08984375
1 0.6796875 0.328125 0.1015625 0.140625
1 0.61328125 0.451171875 0.09375 0.08984375
1 0.412109375 0.47265625 0.11328125 0.078125
1 0.341796875 0.294921875 0.09765625 0.08203125
1 0.421875 0.359375 0.078125 0.0390625
1 0.767578125 0.39453125 0.08203125 0.0703125
1 0.36328125 0.61328125 0.109375 0.1015625
1 0.609375 0.61328125 0.0859375 0.0625
1 0.626953125 0.67578125 0.21484375 0.0703125
0 0.439453125 0.3125 0.10546875 0.0859375
0 0.39453125 0.193359375 0.1171875 0.03515625
0 0.564453125 0.2421875 0.08203125 0.0859375
0 0.76953125 0.314453125 0.0390625 0.06640625
0 0.2578125 0.498046875 0.0859375 0.08984375
0 0.330078125 0.4296875 0.08984375 0.078125
0 0.7109375 0.443359375 0.0546875 0.06640625
0 0.791015625 0.4765625 0.04296875 0.0546875
0 0.796875 0.607421875 0.03125 0.16796875
0 0.47265625 0.615234375 0.1015625 0.12890625
0 0.513671875 0.44921875 0.08203125 0.1171875
0 0.498046875 0.783203125 0.23828125 0.03515625
0 0.736328125 0.765625 0.07421875 0.03125
0 0.275390625 0.705078125 0.05859375 0.05078125
0 0.671875 0.572265625 0.0625 0.09765625