1 0.611328125 0.369140625 0.16015625 0.17578125
1 0.755859375 0.298828125 0.09765625 0.10546875
1 0.412109375 0.37890625 0.14453125 0.1484375
1 0.287109375 0.455078125 0.11328125 0.07421875
1 0.21875 0.279296875 0.0546875 0.05078125
1 0.244140625 0.615234375 0.08984375 0.08984375
1 0.783203125 0.60546875 0.03515625 0.0546875
1 0.837890625 0.634765625 0.03515625 0.08984375
0 0.7890625 0.515625 0.078125 0.1171875
0 0.3125 0.283203125 0.0625 0.05859375
0 0.501953125 0.19140625 0.12890625 0.078125
0 0.349609375 0.19921875 0.12109375 0.0703125
0 0.34375 0.625 0.0859375 0.1015625
0 0.369140625 0.494140625 0.05859375 0.08203125
0 0.208984375 0.40234375 0.08203125 0.078125
0 0.330078125 0.400390625 0.03515625 0.03515625
0 0.658203125 0.58984375 0.04296875 0.1953125
0 0.529296875 0.55078125 0.08984375 0.1015625
0 0.646484375 0.771484375 0.09765625 0.05859375
0 0.4453125 0.78515625 0.171875 0.0234375
0 0.412109375 0.611328125 0.06640625 0.07421875