1 0.833984375 0.3984375 0.07421875 0.109375
1 0.251953125 0.376953125 0.13671875 0.11328125
1 0.443359375 0.33203125 0.08203125 0.1015625
1 0.470703125 0.640625 0.15234375 0.078125
1 0.552734375 0.361328125 0.06640625 0.08203125
1 0.64453125 0.359375 0.0703125 0.0625
1 0.533203125 0.75390625 0.11328125 0.0703125
0 0.744140625 0.3359375 0.05078125 0.109375
0 0.41796875 0.19140625 0.140625 0.0625
0 0.552734375 0.26171875 0.13671875 0.0859375
0 0.36328125 0.76171875 0.109375 0.0859375
0 0.66796875 0.54296875 0.046875 0.0859375
0 0.482421875 0.552734375 0.12890625 0.07421875
0 0.28125 0.529296875 0.0546875 0.08203125